100,'TM-A26-TM_GTFS-Fête-1-01',705,,4704,280,,,0,100,,4705,280,,,0,100,,4706,280,,,0,100,,4707,280,,,0,100,,4708,280,,,0,100,,4709,280,,,0,100,,4710,280,,,0,104,,4711,350,,,0,100,,4712,350,,,0,100,,4713,350,,,0,100,,4714,350,,,0,100,,4715,350,,,0,100,,4716,350,,,0,100,,4717,350,,,0,100,,4718,350,,,0,100,,4719,350,,,0,100,,4720,350,,,0,100,,4721,350,,,0,99,,4722,350,0,13 3 14,0
100,'TM-A26-TM_GTFS-Fête-2-01',535,,4723,280,,,0,71,,4751,280,,,0,30,,4749,280,,,0,70,,4741,280,,,0,30,,4750,280,,,0,70,,4729,280,,,0,30,,4746,280,,,0,69,,4730,280,,,0,100,,4731,280,,,0,100,,4732,280,,,0,100,,4733,280,,,0,100,,4734,280,,,0,100,,4735,280,,,0,100,,4736,280,,,0,30,,4747,280,,,0,71,,4737,280,,,0,30,,4748,280,,,0,70,,4739,280,,,0,30,,4727,280,,,0,70,,4738,280,,,0,29,,4726,280,,,0,70,,4740,280,,,0,30,,4728,280,,,0,70,,4742,280,,,0,100,,4752,280,,,0,100,,4753,280,,,0,100,,4743,280,,,0,100,,4744,280,,,0,100,,4745,280,0,13 3 14,0
100,'TM-A26-TM_GTFS-Semaine-01',535,,4754,280,,,0,71,,4782,280,,,0,30,,4780,280,,,0,70,,4772,280,,,0,30,,4781,280,,,0,70,,4760,280,,,0,30,,4777,280,,,0,69,,4761,280,,,0,100,,4762,280,,,0,100,,4763,280,,,0,100,,4764,280,,,0,100,,4765,280,,,0,100,,4766,280,,,0,100,,4767,280,,,0,30,,4778,280,,,0,71,,4768,280,,,0,30,,4779,280,,,0,70,,4770,280,,,0,30,,4758,280,,,0,70,,4769,280,,,0,29,,4757,280,,,0,70,,4771,280,,,0,30,,4759,280,,,0,70,,4773,280,,,0,100,,4783,280,,,0,100,,4784,280,,,0,100,,4774,280,,,0,100,,4775,280,,,0,100,,4776,280,0,13 3 14,0
100,'TM-A26-TM_GTFS-Week-end-01',705,,4786,280,,,0,100,,4787,280,,,0,100,,4788,280,,,0,100,,4789,280,,,0,100,,4790,280,,,0,100,,4791,280,,,0,100,,4792,280,,,0,104,,4793,350,,,0,100,,4794,350,,,0,100,,4795,350,,,0,100,,4796,350,,,0,100,,4797,350,,,0,100,,4798,350,,,0,100,,4799,350,,,0,100,,4800,350,,,0,100,,4801,350,,,0,100,,4802,350,,,0,100,,4803,350,,,0,99,,4804,350,0,13 3 14,0
1400,'TM-A26-TM_GTFS-Fête-1-01',640,,5259,350,,,0,100,,5264,350,,,0,99,,5262,350,,,0,99,,5276,350,,,0,100,,5271,350,,,0,100,,5269,350,,,0,99,,5272,350,,,0,100,,5270,350,,,0,100,,5273,350,,,0,101,,5277,350,,,0,100,,5274,350,,,0,100,,5278,350,,,0,100,,5275,350,,,0,100,,5261,350,,,0,100,,5265,350,,,0,100,,5268,350,,,0,100,,5266,350,,,0,102,,5263,350,,,0,100,,5267,350,,,0,100,,5260,350,,,0
1400,'TM-A26-TM_GTFS-Fête-2-01',530,,5294,350,,,0,72,,5287,350,,,0,31,,5295,350,,,0,72,,5300,350,,,0,27,,5288,350,,,0,70,,5296,350,,,0,30,,5286,350,,,0,70,,5289,350,,,0,30,,5297,350,,,0,72,,5290,350,,,0,100,,5301,350,,,0,100,,5303,350,,,0,100,,5302,350,,,0,100,,5279,350,,,0,100,,5284,350,,,0,100,,5280,350,,,0,30,,5298,350,,,0,70,,5285,350,,,0,30,,5281,350,,,0,70,,5304,350,,,0,31,,5291,350,,,0,70,,5282,350,,,0,102,,5305,350,,,0,101,,5283,350,,,0,100,,5292,350,,,0,101,,5299,350,,,0,101,,5293,350,,,0,99,,5306,350,,,0
1400,'TM-A26-TM_GTFS-Semaine-01',530,,5322,350,,,0,72,,5315,350,,,0,31,,5323,350,,,0,72,,5328,350,,,0,27,,5316,350,,,0,70,,5324,350,,,0,30,,5314,350,,,0,70,,5317,350,,,0,30,,5325,350,,,0,72,,5318,350,,,0,100,,5329,350,,,0,100,,5331,350,,,0,100,,5330,350,,,0,100,,5307,350,,,0,100,,5312,350,,,0,100,,5308,350,,,0,30,,5326,350,,,0,70,,5313,350,,,0,30,,5309,350,,,0,70,,5332,350,,,0,31,,5319,350,,,0,70,,5310,350,,,0,102,,5333,350,,,0,101,,5311,350,,,0,100,,5320,350,,,0,101,,5327,350,,,0,101,,5321,350,,,0,99,,5334,350,,,0
1400,'TM-A26-TM_GTFS-Week-end-01',640,,5335,350,,,0,100,,5340,350,,,0,99,,5338,350,,,0,99,,5352,350,,,0,100,,5347,350,,,0,100,,5345,350,,,0,99,,5348,350,,,0,100,,5346,350,,,0,100,,5349,350,,,0,101,,5353,350,,,0,100,,5350,350,,,0,100,,5354,350,,,0,100,,5351,350,,,0,100,,5337,350,,,0,100,,5341,350,,,0,100,,5344,350,,,0,100,,5342,350,,,0,102,,5339,350,,,0,100,,5343,350,,,0,100,,5336,350,,,0
1701,'TM-A26-TM_GTFS-Fête-1-01',631,,5541,560,,,0,100,,5532,560,,,0,100,,5523,560,,,0,100,,5533,560,,,0,100,,5524,560,,,0,100,,5534,560,,,0,100,,5525,560,,,0,100,,5535,560,,,0,100,,5526,560,,,0,100,,5536,560,,,0,100,,5527,560,,,0,100,,5537,560,,,0,100,,5528,560,,,0,100,,5538,560,,,0,99,,5529,560,,,0,100,,5539,560,,,0,100,,5530,560,,,0,100,,5540,560,,,0,100,,5531,560,,,0
1701,'TM-A26-TM_GTFS-Fête-2-01',531,,5545,560,,,0,102,,5554,560,,,0,94,,5546,560,,,0,104,,5555,560,,,0,100,,5547,560,,,0,99,,5556,560,,,0,100,,5548,560,,,0,100,,5557,560,,,0,100,,5549,560,,,0,100,,5558,560,,,0,101,,5550,560,,,0,100,,5559,560,,,0,104,,5551,560,,,0,97,,5542,560,,,0,95,,5552,560,,,0,100,,5543,560,,,0,100,,5553,560,,,0,100,,5544,560,,,0,100,,5560,560,,,0,100,,5561,560,,,0
1701,'TM-A26-TM_GTFS-Semaine-01',531,,5565,560,,,0,102,,5574,560,,,0,94,,5566,560,,,0,104,,5575,560,,,0,100,,5567,560,,,0,99,,5576,560,,,0,100,,5568,560,,,0,100,,5577,560,,,0,100,,5569,560,,,0,100,,5578,560,,,0,101,,5570,560,,,0,100,,5579,560,,,0,104,,5571,560,,,0,97,,5562,560,,,0,95,,5572,560,,,0,100,,5563,560,,,0,100,,5573,560,,,0,100,,5564,560,,,0,100,,5580,560,,,0,100,,5581,560,,,0
1701,'TM-A26-TM_GTFS-Week-end-01',631,,5600,560,,,0,100,,5591,560,,,0,100,,5582,560,,,0,100,,5592,560,,,0,100,,5583,560,,,0,100,,5593,560,,,0,100,,5584,560,,,0,100,,5594,560,,,0,100,,5585,560,,,0,100,,5595,560,,,0,100,,5586,560,,,0,100,,5596,560,,,0,100,,5587,560,,,0,100,,5597,560,,,0,99,,5588,560,,,0,100,,5598,560,,,0,100,,5589,560,,,0,100,,5599,560,,,0,100,,5590,560,,,0
1800,'TM-A26-TM_GTFS-Fête-1-01',723,,5604,480,,,0,100,,5605,480,,,0,100,,5606,480,,,0,400,,5607,480,,,0,200,,5601,480,,,0,100,,5602,480,,,0,100,,5603,480,,,0,299,,5608,480,,,0
1800,'TM-A26-TM_GTFS-Fête-2-01',553,,5609,170,,,0,102,,5618,480,,,0,100,,5610,480,,,0,70,,5614,480,,,0,29,,5611,480,,,0,170,,5615,480,,,0,200,,5616,480,,,0,200,,5617,480,,,0,130,,5612,480,,,0,100,,5621,480,,,0,100,,5622,480,,,0,71,,5619,220,,,0,98,,5620,480,,,0,200,,5613,480,,,0
1800,'TM-A26-TM_GTFS-Semaine-01',553,,5623,170,,,0,102,,5632,480,,,0,100,,5624,480,,,0,70,,5628,480,,,0,29,,5625,480,,,0,170,,5629,480,,,0,200,,5630,480,,,0,200,,5631,480,,,0,130,,5626,480,,,0,100,,5635,480,,,0,100,,5636,480,,,0,71,,5633,220,,,0,98,,5634,480,,,0,200,,5627,480,,,0
1800,'TM-A26-TM_GTFS-Week-end-01',723,,5640,480,,,0,100,,5641,480,,,0,100,,5642,480,,,0,400,,5643,480,,,0,200,,5637,480,,,0,100,,5638,480,,,0,100,,5639,480,,,0,299,,5644,480,,,0
2301,'TM-A26-TM_GTFS-Fête-2-01',800,,6197,130,,,0,102,,6200,130,,,0,799,,6198,130,,,0,134,,6199,130,,,0
2301,'TM-A26-TM_GTFS-Semaine-01',800,,6201,130,,,0,102,,6204,130,,,0,356,,6206,130,,,0,200,,6205,130,,,0,243,,6202,130,,,0,134,,6203,130,,,0
2701,'TM-A26-TM_GTFS-Semaine-01',547,,6280,30,,,0,98,,6283,30,,,0,100,,6284,30,,,0,99,,6285,120,,,0,769,,6281,120,,,0,103,,6282,120,,,0,100,,6286,120,,,0
