1400,'TM-A26-TM_GTFS-Fête-1-01',635,,5259,260,,,0,100,,5264,260,,,0,99,,5262,260,,,0,99,,5276,260,,,0,99,,5271,260,,,0,100,,5269,260,,,0,99,,5272,260,,,0,100,,5270,260,,,0,100,,5273,260,,,0,102,,5277,260,,,0,100,,5274,260,,,0,100,,5278,260,,,0,100,,5275,260,,,0,100,,5261,260,,,0,100,,5265,260,,,0,100,,5268,260,,,0,101,,5266,260,,,0,102,,5263,260,,,0,100,,5267,260,,,0,100,,5260,260,,,0
1400,'TM-A26-TM_GTFS-Fête-2-01',524,,5294,260,,,0,31,,5287,260,,,0,71,,5295,260,,,0,30,,5300,260,,,0,67,,5288,260,,,0,31,,5296,260,,,0,70,,5286,260,,,0,32,,5289,260,,,0,70,,5297,260,,,0,32,,5290,260,,,0,100,,5301,260,,,0,100,,5303,260,,,0,100,,5302,260,,,0,100,,5279,260,,,0,100,,5284,260,,,0,100,,5280,260,,,0,70,,5298,260,,,0,30,,5285,260,,,0,70,,5281,260,,,0,30,,5304,260,,,0,72,,5291,260,,,0,70,,5282,260,,,0,102,,5305,260,,,0,101,,5283,260,,,0,100,,5292,260,,,0,101,,5299,260,,,0,101,,5293,260,,,0,99,,5306,260,,,0
1400,'TM-A26-TM_GTFS-Semaine-01',524,,5322,260,,,0,31,,5315,260,,,0,71,,5323,260,,,0,30,,5328,260,,,0,67,,5316,260,,,0,31,,5324,260,,,0,70,,5314,260,,,0,32,,5317,260,,,0,70,,5325,260,,,0,32,,5318,260,,,0,100,,5329,260,,,0,100,,5331,260,,,0,100,,5330,260,,,0,100,,5307,260,,,0,100,,5312,260,,,0,100,,5308,260,,,0,70,,5326,260,,,0,30,,5313,260,,,0,70,,5309,260,,,0,30,,5332,260,,,0,72,,5319,260,,,0,70,,5310,260,,,0,102,,5333,260,,,0,101,,5311,260,,,0,100,,5320,260,,,0,101,,5327,260,,,0,101,,5321,260,,,0,99,,5334,260,,,0
1400,'TM-A26-TM_GTFS-Week-end-01',635,,5335,260,,,0,100,,5340,260,,,0,99,,5338,260,,,0,99,,5352,260,,,0,99,,5347,260,,,0,100,,5345,260,,,0,99,,5348,260,,,0,100,,5346,260,,,0,100,,5349,260,,,0,102,,5353,260,,,0,100,,5350,260,,,0,100,,5354,260,,,0,100,,5351,260,,,0,100,,5337,260,,,0,100,,5341,260,,,0,100,,5344,260,,,0,101,,5342,260,,,0,102,,5339,260,,,0,100,,5343,260,,,0,100,,5336,260,,,0
1701,'TM-A26-TM_GTFS-Fête-1-01',625,,5541,470,,,0,100,,5532,470,,,0,100,,5523,470,,,0,100,,5533,470,,,0,100,,5524,470,,,0,100,,5534,470,,,0,100,,5525,470,,,0,100,,5535,470,,,0,100,,5526,470,,,0,100,,5536,470,,,0,100,,5527,470,,,0,100,,5537,470,,,0,100,,5528,470,,,0,100,,5538,470,,,0,100,,5529,470,,,0,100,,5539,470,,,0,100,,5530,470,,,0,100,,5540,470,,,0,100,,5531,470,,,0
1701,'TM-A26-TM_GTFS-Fête-2-01',525,,5545,470,,,0,101,,5554,470,,,0,93,,5546,470,,,0,106,,5555,470,,,0,99,,5547,470,,,0,99,,5556,470,,,0,100,,5548,470,,,0,100,,5557,470,,,0,100,,5549,470,,,0,100,,5558,470,,,0,101,,5550,470,,,0,100,,5559,470,,,0,104,,5551,470,,,0,99,,5542,470,,,0,95,,5552,470,,,0,100,,5543,470,,,0,100,,5553,470,,,0,100,,5544,470,,,0,100,,5560,470,,,0,100,,5561,470,,,0
1701,'TM-A26-TM_GTFS-Semaine-01',525,,5565,470,,,0,101,,5574,470,,,0,93,,5566,470,,,0,106,,5575,470,,,0,99,,5567,470,,,0,99,,5576,470,,,0,100,,5568,470,,,0,100,,5577,470,,,0,100,,5569,470,,,0,100,,5578,470,,,0,101,,5570,470,,,0,100,,5579,470,,,0,104,,5571,470,,,0,99,,5562,470,,,0,95,,5572,470,,,0,100,,5563,470,,,0,100,,5573,470,,,0,100,,5564,470,,,0,100,,5580,470,,,0,100,,5581,470,,,0
1701,'TM-A26-TM_GTFS-Week-end-01',625,,5600,470,,,0,100,,5591,470,,,0,100,,5582,470,,,0,100,,5592,470,,,0,100,,5583,470,,,0,100,,5593,470,,,0,100,,5584,470,,,0,100,,5594,470,,,0,100,,5585,470,,,0,100,,5595,470,,,0,100,,5586,470,,,0,100,,5596,470,,,0,100,,5587,470,,,0,100,,5597,470,,,0,100,,5588,470,,,0,100,,5598,470,,,0,100,,5589,470,,,0,100,,5599,470,,,0,100,,5590,470,,,0
2000001501,'TM-A26-TM_GTFS-Fête-2-01',721,,6777,270,,,0,110,,6778,270,,,0,90,,6779,270,,,0,315,,6780,270,,,0
2000001501,'TM-A26-TM_GTFS-Semaine-01',721,,6781,270,,,0,110,,6782,270,,,0,90,,6783,270,,,0,315,,6784,270,,,0
