300,'TM-A26-TM_GTFS-Fête-1-01',631,,4867,510,,,0,201,,4868,630,,,0,207,,4869,630,,,0,200,,4870,630,,,0,200,,4871,630,,,0,196,,4872,630,,,0,197,,4873,630,,,0,199,,4874,630,,,0,200,,4875,630,,,0,198,,4876,630,,,0
300,'TM-A26-TM_GTFS-Fête-2-01',538,,4878,500,,,0,98,,4879,620,,,0,70,,4895,620,,,0,31,,4889,620,,,0,70,,4894,620,,,0,32,,4888,620,,,0,100,,4883,620,,,0,200,,4884,620,,,0,200,,4885,620,,,0,171,,4887,620,,,0,105,,4886,620,,,0,99,,4892,620,,,0,28,,4891,620,,,0,66,,4893,620,,,0,30,,4890,620,,,0,95,,4877,620,,,0,168,,4880,620,,,0,100,,4881,620,,,0,227,,4882,620,,,0
300,'TM-A26-TM_GTFS-Semaine-01',538,,4897,500,,,0,98,,4898,620,,,0,70,,4914,620,,,0,31,,4908,620,,,0,70,,4913,620,,,0,32,,4907,620,,,0,100,,4902,620,,,0,200,,4903,620,,,0,200,,4904,620,,,0,171,,4906,620,,,0,105,,4905,620,,,0,99,,4911,620,,,0,28,,4910,620,,,0,66,,4912,620,,,0,30,,4909,620,,,0,95,,4896,620,,,0,168,,4899,620,,,0,100,,4900,620,,,0,227,,4901,620,,,0
300,'TM-A26-TM_GTFS-Week-end-01',631,,4915,510,,,0,201,,4916,630,,,0,207,,4917,630,,,0,200,,4918,630,,,0,200,,4919,630,,,0,196,,4920,630,,,0,197,,4921,630,,,0,199,,4922,630,,,0,200,,4923,630,,,0,198,,4924,630,,,0
400,'TM-A26-TM_GTFS-Fête-2-01',1659,,4929,400,,,0,90,,4925,400,,,0,100,,4926,400,,,0,294,,4927,400,,,0,275,,4928,400,,,0
400,'TM-A26-TM_GTFS-Semaine-01',1659,,4934,400,,,0,90,,4930,400,,,0,100,,4931,400,,,0,294,,4932,400,,,0,275,,4933,400,,,0
401,'TM-A26-TM_GTFS-Fête-2-01',606,,4936,470,,,0,100,,4938,470,,,0,100,,4937,470,,,0,101,,4935,470,,,0,1031,,4939,470,,,0
401,'TM-A26-TM_GTFS-Semaine-01',606,,4941,470,,,0,100,,4943,470,,,0,100,,4942,470,,,0,101,,4940,470,,,0,1031,,4944,470,,,0
800,'TM-A26-TM_GTFS-Fête-1-01',702,,4952,200,,,0,100,,4953,200,,,0,100,,4954,200,,,0,101,,4955,200,,,0,100,,4956,200,,,0,100,,4957,200,,,0,100,,4958,200,,,0,100,,4959,200,,,0,100,,4960,200,,,0,100,,4961,200,,,0,100,,4962,200,,,0,99,,4963,200,,,0,100,,4964,200,,,0,100,,4965,200,,,0,100,,4966,200,,,0,100,,4967,200,,,0,100,,4968,200,,,0,100,,4969,200,,,0,99,,4970,200,0,16,0
800,'TM-A26-TM_GTFS-Fête-2-01',602,,4982,200,,,0,102,,4977,200,,,0,100,,4973,200,,,0,100,,4974,200,,,0,100,,4980,200,,,0,100,,4981,200,,,0,100,,4971,200,,,0,100,,4972,200,,,0,100,,4978,200,,,0,100,,4983,200,,,0,100,,4979,200,,,0,100,,4975,200,,,0,99,,4976,200,,,0,100,,4984,200,,,0,100,,4985,200,,,0,100,,4986,200,,,0,100,,4987,200,,,0,100,,4988,200,,,0,100,,4989,200,,,0,98,,4990,200,0,16,0
800,'TM-A26-TM_GTFS-Semaine-01',602,,5002,200,,,0,102,,4997,200,,,0,100,,4993,200,,,0,100,,4994,200,,,0,100,,5000,200,,,0,100,,5001,200,,,0,100,,4991,200,,,0,100,,4992,200,,,0,100,,4998,200,,,0,100,,5003,200,,,0,100,,4999,200,,,0,100,,4995,200,,,0,99,,4996,200,,,0,100,,5004,200,,,0,100,,5005,200,,,0,100,,5006,200,,,0,100,,5007,200,,,0,100,,5008,200,,,0,100,,5009,200,,,0,98,,5010,200,0,16,0
800,'TM-A26-TM_GTFS-Week-end-01',702,,5012,200,,,0,100,,5013,200,,,0,100,,5014,200,,,0,101,,5015,200,,,0,100,,5016,200,,,0,100,,5017,200,,,0,100,,5018,200,,,0,100,,5019,200,,,0,100,,5020,200,,,0,100,,5021,200,,,0,100,,5022,200,,,0,99,,5023,200,,,0,100,,5024,200,,,0,100,,5025,200,,,0,100,,5026,200,,,0,100,,5027,200,,,0,100,,5028,200,,,0,100,,5029,200,,,0,99,,5030,200,0,16,0
1101,'TM-A26-TM_GTFS-Fête-1-01',637,,5179,640,,,0,100,,5169,640,,,0,100,,5180,640,,,0,101,,5170,640,,,0,101,,5171,640,,,0,100,,5181,640,,,0,100,,5172,640,,,0,100,,5182,640,,,0,100,,5173,640,,,0,100,,5183,640,,,0,100,,5174,640,,,0,100,,5184,640,,,0,99,,5175,640,,,0,98,,5185,640,,,0,100,,5176,640,,,0,99,,5186,640,,,0,100,,5177,640,,,0,100,,5187,640,,,0,100,,5178,640,,,0
1101,'TM-A26-TM_GTFS-Fête-2-01',606,,5197,530,,,0,30,,5193,640,,,0,70,,5188,640,,,0,30,,5208,640,,,0,70,,5198,640,,,0,30,,5201,640,,,0,100,,5209,640,,,0,100,,5202,640,,,0,102,,5205,640,,,0,100,,5203,640,,,0,100,,5206,640,,,0,100,,5204,640,,,0,97,,5207,640,,,0,70,,5199,640,,,0,32,,5213,640,,,0,70,,5194,640,,,0,32,,5196,640,,,0,69,,5200,640,,,0,29,,5189,640,,,0,69,,5195,640,,,0,30,,5210,640,,,0,103,,5190,640,,,0,99,,5211,640,,,0,100,,5191,640,,,0,99,,5212,640,,,0,101,,5192,640,,,0
1101,'TM-A26-TM_GTFS-Semaine-01',606,,5223,530,,,0,30,,5219,640,,,0,70,,5214,640,,,0,30,,5234,640,,,0,70,,5224,640,,,0,30,,5227,640,,,0,100,,5235,640,,,0,100,,5228,640,,,0,102,,5231,640,,,0,100,,5229,640,,,0,100,,5232,640,,,0,100,,5230,640,,,0,97,,5233,640,,,0,70,,5225,640,,,0,32,,5239,640,,,0,70,,5220,640,,,0,32,,5222,640,,,0,69,,5226,640,,,0,29,,5215,640,,,0,69,,5221,640,,,0,30,,5236,640,,,0,103,,5216,640,,,0,99,,5237,640,,,0,100,,5217,640,,,0,99,,5238,640,,,0,101,,5218,640,,,0
1101,'TM-A26-TM_GTFS-Week-end-01',637,,5250,640,,,0,100,,5240,640,,,0,100,,5251,640,,,0,101,,5241,640,,,0,101,,5242,640,,,0,100,,5252,640,,,0,100,,5243,640,,,0,100,,5253,640,,,0,100,,5244,640,,,0,100,,5254,640,,,0,100,,5245,640,,,0,100,,5255,640,,,0,99,,5246,640,,,0,98,,5256,640,,,0,100,,5247,640,,,0,99,,5257,640,,,0,100,,5248,640,,,0,100,,5258,640,,,0,100,,5249,640,,,0
2001,'TM-A26-TM_GTFS-Fête-1-01',635,,6078,270,,,0,102,,6079,270,,,0,101,,6080,270,,,0,100,,6081,270,,,0,101,,6072,270,,,0,101,,6073,270,,,0,100,,6082,270,,,0,101,,6083,270,,,0,100,,6084,270,,,0,99,,6074,270,,,0,100,,6075,270,,,0,99,,6076,270,,,0,98,,6077,270,,,0,100,,6085,270,,,0,100,,6086,270,,,0,100,,6087,270,,,0,99,,6088,270,,,0,100,,6089,270,,,0,100,,6090,270,,,0
2001,'TM-A26-TM_GTFS-Fête-2-01',537,,6095,270,,,0,101,,6096,270,,,0,70,,6092,270,,,0,30,,6097,270,,,0,72,,6116,270,,,0,30,,6098,270,,,0,70,,6114,270,,,0,30,,6099,270,,,0,100,,6100,270,,,0,101,,6091,270,,,0,100,,6101,270,,,0,100,,6108,270,,,0,100,,6109,270,,,0,99,,6110,270,,,0,100,,6111,270,,,0,64,,6112,270,,,0,30,,6093,270,,,0,70,,6113,270,,,0,30,,6102,270,,,0,71,,6115,270,,,0,28,,6094,270,,,0,105,,6103,270,,,0,99,,6104,270,,,0,97,,6105,270,,,0,100,,6106,270,,,0,100,,6107,270,,,0
2001,'TM-A26-TM_GTFS-Semaine-01',537,,6121,270,,,0,101,,6122,270,,,0,70,,6118,270,,,0,30,,6123,270,,,0,72,,6142,270,,,0,30,,6124,270,,,0,70,,6140,270,,,0,30,,6125,270,,,0,100,,6126,270,,,0,101,,6117,270,,,0,100,,6127,270,,,0,100,,6134,270,,,0,100,,6135,270,,,0,99,,6136,270,,,0,100,,6137,270,,,0,64,,6138,270,,,0,30,,6119,270,,,0,70,,6139,270,,,0,30,,6128,270,,,0,71,,6141,270,,,0,28,,6120,270,,,0,105,,6129,270,,,0,99,,6130,270,,,0,97,,6131,270,,,0,100,,6132,270,,,0,100,,6133,270,,,0
2001,'TM-A26-TM_GTFS-Week-end-01',635,,6149,270,,,0,102,,6150,270,,,0,101,,6151,270,,,0,100,,6152,270,,,0,101,,6143,270,,,0,101,,6144,270,,,0,100,,6153,270,,,0,101,,6154,270,,,0,100,,6155,270,,,0,99,,6145,270,,,0,100,,6146,270,,,0,99,,6147,270,,,0,98,,6148,270,,,0,100,,6156,270,,,0,100,,6157,270,,,0,100,,6158,270,,,0,99,,6159,270,,,0,100,,6160,270,,,0,100,,6161,270,,,0
2100,'TM-A26-TM_GTFS-Fête-2-01',637,,6163,360,0,5,0,94,,6162,580,0,5,0,100,,6164,580,0,5,0,100,,6165,580,0,5,0
2100,'TM-A26-TM_GTFS-Semaine-01',637,,6167,360,0,5,0,94,,6166,580,0,5,0,100,,6168,580,0,5,0,100,,6169,580,0,5,0
2101,'TM-A26-TM_GTFS-Fête-2-01',1639,,6172,580,0,5,0,99,,6171,580,0,5,0,100,,6170,580,0,5,0
2101,'TM-A26-TM_GTFS-Semaine-01',1639,,6175,580,0,5,0,99,,6174,580,0,5,0,100,,6173,580,0,5,0
2701,'TM-A26-TM_GTFS-Semaine-01',602,,6280,230,,,0,98,,6283,230,,,0,100,,6284,230,,,0,100,,6285,320,,,0,730,,6281,320,,,0,103,,6282,320,,,0,100,,6286,320,,,0
