300,'TM-A26-TM_GTFS-Fête-1-01',757,,4868,60,,,0,201,,4869,60,,,0,200,,4870,60,,,0,200,,4871,60,,,0,200,,4872,60,,,0,199,,4873,60,,,0,200,,4874,60,,,0,200,,4875,60,,,0,199,,4876,60,,,0
300,'TM-A26-TM_GTFS-Fête-2-01',558,,4879,60,,,0,70,,4895,60,,,0,30,,4889,60,,,0,70,,4894,60,,,0,31,,4888,60,,,0,100,,4883,60,,,0,241,,4884,60,,,0,200,,4885,60,,,0,130,,4887,60,,,0,105,,4886,60,,,0,96,,4892,60,,,0,69,,4891,60,,,0,30,,4893,60,,,0,70,,4890,60,,,0,58,,4877,60,,,0,169,,4880,60,,,0,100,,4881,60,,,0,230,,4882,60,,,0
300,'TM-A26-TM_GTFS-Semaine-01',558,,4898,60,,,0,70,,4914,60,,,0,30,,4908,60,,,0,70,,4913,60,,,0,31,,4907,60,,,0,100,,4902,60,,,0,241,,4903,60,,,0,200,,4904,60,,,0,130,,4906,60,,,0,105,,4905,60,,,0,96,,4911,60,,,0,69,,4910,60,,,0,30,,4912,60,,,0,70,,4909,60,,,0,58,,4896,60,,,0,169,,4899,60,,,0,100,,4900,60,,,0,230,,4901,60,,,0
300,'TM-A26-TM_GTFS-Week-end-01',757,,4916,60,,,0,201,,4917,60,,,0,200,,4918,60,,,0,200,,4919,60,,,0,200,,4920,60,,,0,199,,4921,60,,,0,200,,4922,60,,,0,200,,4923,60,,,0,199,,4924,60,,,0
1401,'TM-A26-TM_GTFS-Fête-1-01',755,,5360,60,,,0,103,,5357,60,,,0,101,,5371,60,,,0,100,,5367,60,,,0,100,,5365,60,,,0,100,,5368,60,,,0,141,,5366,60,,,0,59,,5369,60,,,0,100,,5372,60,,,0,100,,5370,60,,,0,100,,5355,60,,,0,99,,5358,60,,,0,100,,5356,60,,,0,100,,5361,60,,,0,97,,5364,60,,,0,103,,5362,60,,,0,99,,5359,60,,,0,100,,5363,60,,,0
1401,'TM-A26-TM_GTFS-Fête-2-01',628,,5380,60,,,0,30,,5388,60,,,0,70,,5399,60,,,0,30,,5381,60,,,0,70,,5389,60,,,0,30,,5379,60,,,0,70,,5382,60,,,0,30,,5390,60,,,0,70,,5383,60,,,0,100,,5392,60,,,0,101,,5394,60,,,0,100,,5393,60,,,0,101,,5373,60,,,0,100,,5378,60,,,0,100,,5374,60,,,0,70,,5395,60,,,0,30,,5384,60,,,0,70,,5375,60,,,0,29,,5396,60,,,0,30,,5385,60,,,0,69,,5376,60,,,0,100,,5397,60,,,0,100,,5377,60,,,0,100,,5386,60,,,0,99,,5391,60,,,0,100,,5387,60,,,0,100,,5398,60,,,0
1401,'TM-A26-TM_GTFS-Semaine-01',628,,5407,60,,,0,30,,5415,60,,,0,70,,5426,60,,,0,30,,5408,60,,,0,70,,5416,60,,,0,30,,5406,60,,,0,70,,5409,60,,,0,30,,5417,60,,,0,70,,5410,60,,,0,100,,5419,60,,,0,101,,5421,60,,,0,100,,5420,60,,,0,101,,5400,60,,,0,100,,5405,60,,,0,100,,5401,60,,,0,70,,5422,60,,,0,30,,5411,60,,,0,70,,5402,60,,,0,29,,5423,60,,,0,30,,5412,60,,,0,69,,5403,60,,,0,100,,5424,60,,,0,100,,5404,60,,,0,100,,5413,60,,,0,99,,5418,60,,,0,100,,5414,60,,,0,100,,5425,60,,,0
1401,'TM-A26-TM_GTFS-Week-end-01',755,,5432,60,,,0,103,,5429,60,,,0,101,,5443,60,,,0,100,,5439,60,,,0,100,,5437,60,,,0,100,,5440,60,,,0,141,,5438,60,,,0,59,,5441,60,,,0,100,,5444,60,,,0,100,,5442,60,,,0,100,,5427,60,,,0,99,,5430,60,,,0,100,,5428,60,,,0,100,,5433,60,,,0,97,,5436,60,,,0,103,,5434,60,,,0,99,,5431,60,,,0,100,,5435,60,,,0
1700,'TM-A26-TM_GTFS-Fête-1-01',657,,5445,60,,,0,100,,5455,60,,,0,100,,5446,60,,,0,101,,5456,60,,,0,100,,5447,60,,,0,101,,5457,60,,,0,100,,5448,60,,,0,100,,5458,60,,,0,100,,5449,60,,,0,100,,5459,60,,,0,100,,5450,60,,,0,100,,5460,60,,,0,99,,5451,60,,,0,100,,5461,60,,,0,100,,5452,60,,,0,100,,5462,60,,,0,99,,5453,60,,,0,100,,5463,60,,,0,100,,5454,60,,,0
1700,'TM-A26-TM_GTFS-Fête-2-01',557,,5468,60,,,0,101,,5476,60,,,0,100,,5469,60,,,0,100,,5477,60,,,0,100,,5470,60,,,0,100,,5464,60,,,0,100,,5471,60,,,0,100,,5478,60,,,0,101,,5472,60,,,0,100,,5479,60,,,0,141,,5473,60,,,0,100,,5465,60,,,0,59,,5474,60,,,0,100,,5466,60,,,0,99,,5475,60,,,0,100,,5467,60,,,0,100,,5481,60,,,0,99,,5483,60,,,0,100,,5482,60,,,0,100,,5480,60,,,0
1700,'TM-A26-TM_GTFS-Semaine-01',557,,5488,60,,,0,101,,5496,60,,,0,100,,5489,60,,,0,100,,5497,60,,,0,100,,5490,60,,,0,100,,5484,60,,,0,100,,5491,60,,,0,100,,5498,60,,,0,101,,5492,60,,,0,100,,5499,60,,,0,141,,5493,60,,,0,100,,5485,60,,,0,59,,5494,60,,,0,100,,5486,60,,,0,99,,5495,60,,,0,100,,5487,60,,,0,100,,5501,60,,,0,99,,5503,60,,,0,100,,5502,60,,,0,100,,5500,60,,,0
1700,'TM-A26-TM_GTFS-Week-end-01',657,,5504,60,,,0,100,,5514,60,,,0,100,,5505,60,,,0,101,,5515,60,,,0,100,,5506,60,,,0,101,,5516,60,,,0,100,,5507,60,,,0,100,,5517,60,,,0,100,,5508,60,,,0,100,,5518,60,,,0,100,,5509,60,,,0,100,,5519,60,,,0,99,,5510,60,,,0,100,,5520,60,,,0,100,,5511,60,,,0,100,,5521,60,,,0,99,,5512,60,,,0,100,,5522,60,,,0,100,,5513,60,,,0
1801,'TM-A26-TM_GTFS-Fête-2-01',602,,5647,150,0,6 7,0,100,,5648,150,0,6 7,0,53,,5656,150,0,6 7,0,147,,5649,150,0,6 7,0,200,,5650,150,0,6 7,0,200,,5651,150,0,6 7,0,200,,5652,150,0,6 7,0,101,,5646,150,0,6 7,0,100,,5654,150,0,6 7,0,100,,5653,150,0,6 7,0,199,,5645,150,0,6 7,0,200,,5655,150,0,6 7,0
1801,'TM-A26-TM_GTFS-Semaine-01',602,,5660,150,0,6 7,0,100,,5661,150,0,6 7,0,53,,5669,150,0,6 7,0,147,,5662,150,0,6 7,0,200,,5663,150,0,6 7,0,200,,5664,150,0,6 7,0,200,,5665,150,0,6 7,0,101,,5659,150,0,6 7,0,100,,5667,150,0,6 7,0,100,,5666,150,0,6 7,0,199,,5658,150,0,6 7,0,200,,5668,150,0,6 7,0
2300,'TM-A26-TM_GTFS-Fête-2-01',556,,6185,60,,,0,101,,6186,60,,,0,100,,6188,60,,,0,100,,6189,60,,,0,882,,6187,60,,,0
2300,'TM-A26-TM_GTFS-Semaine-01',556,,6190,60,,,0,101,,6191,60,,,0,100,,6193,60,,,0,100,,6196,60,,,0,300,,6195,60,,,0,200,,6194,60,,,0,382,,6192,60,,,0
