100,'TM-A26-TM_GTFS-Fête-1-01',706,,4704,290,,,0,100,,4705,290,,,0,100,,4706,290,,,0,100,,4707,290,,,0,100,,4708,290,,,0,100,,4709,290,,,0,100,,4710,290,,,0,104,,4711,360,,,0,100,,4712,360,,,0,100,,4713,360,,,0,100,,4714,360,,,0,99,,4715,360,,,0,100,,4716,360,,,0,100,,4717,360,,,0,100,,4718,360,,,0,100,,4719,360,,,0,100,,4720,360,,,0,100,,4721,360,,,0,99,,4722,360,0,13 3 14,0
100,'TM-A26-TM_GTFS-Fête-2-01',536,,4723,290,,,0,71,,4751,290,,,0,30,,4749,290,,,0,70,,4741,290,,,0,30,,4750,290,,,0,70,,4729,290,,,0,30,,4746,290,,,0,69,,4730,290,,,0,100,,4731,290,,,0,100,,4732,290,,,0,100,,4733,290,,,0,100,,4734,290,,,0,100,,4735,290,,,0,100,,4736,290,,,0,30,,4747,290,,,0,71,,4737,290,,,0,30,,4748,290,,,0,70,,4739,290,,,0,30,,4727,290,,,0,70,,4738,290,,,0,29,,4726,290,,,0,69,,4740,290,,,0,30,,4728,290,,,0,70,,4742,290,,,0,100,,4752,290,,,0,100,,4753,290,,,0,100,,4743,290,,,0,100,,4744,290,,,0,100,,4745,290,0,13 3 14,0
100,'TM-A26-TM_GTFS-Semaine-01',536,,4754,290,,,0,71,,4782,290,,,0,30,,4780,290,,,0,70,,4772,290,,,0,30,,4781,290,,,0,70,,4760,290,,,0,30,,4777,290,,,0,69,,4761,290,,,0,100,,4762,290,,,0,100,,4763,290,,,0,100,,4764,290,,,0,100,,4765,290,,,0,100,,4766,290,,,0,100,,4767,290,,,0,30,,4778,290,,,0,71,,4768,290,,,0,30,,4779,290,,,0,70,,4770,290,,,0,30,,4758,290,,,0,70,,4769,290,,,0,29,,4757,290,,,0,69,,4771,290,,,0,30,,4759,290,,,0,70,,4773,290,,,0,100,,4783,290,,,0,100,,4784,290,,,0,100,,4774,290,,,0,100,,4775,290,,,0,100,,4776,290,0,13 3 14,0
100,'TM-A26-TM_GTFS-Week-end-01',706,,4786,290,,,0,100,,4787,290,,,0,100,,4788,290,,,0,100,,4789,290,,,0,100,,4790,290,,,0,100,,4791,290,,,0,100,,4792,290,,,0,104,,4793,360,,,0,100,,4794,360,,,0,100,,4795,360,,,0,100,,4796,360,,,0,99,,4797,360,,,0,100,,4798,360,,,0,100,,4799,360,,,0,100,,4800,360,,,0,100,,4801,360,,,0,100,,4802,360,,,0,100,,4803,360,,,0,99,,4804,360,0,13 3 14,0
1400,'TM-A26-TM_GTFS-Fête-1-01',641,,5259,360,,,0,100,,5264,360,,,0,99,,5262,360,,,0,99,,5276,360,,,0,100,,5271,360,,,0,100,,5269,360,,,0,99,,5272,360,,,0,100,,5270,360,,,0,100,,5273,360,,,0,101,,5277,360,,,0,100,,5274,360,,,0,100,,5278,360,,,0,100,,5275,360,,,0,100,,5261,360,,,0,100,,5265,360,,,0,100,,5268,360,,,0,100,,5266,360,,,0,101,,5263,360,,,0,100,,5267,360,,,0,100,,5260,360,,,0
1400,'TM-A26-TM_GTFS-Fête-2-01',531,,5294,360,,,0,72,,5287,360,,,0,31,,5295,360,,,0,72,,5300,360,,,0,27,,5288,360,,,0,70,,5296,360,,,0,30,,5286,360,,,0,70,,5289,360,,,0,30,,5297,360,,,0,72,,5290,360,,,0,100,,5301,360,,,0,100,,5303,360,,,0,100,,5302,360,,,0,100,,5279,360,,,0,100,,5284,360,,,0,100,,5280,360,,,0,30,,5298,360,,,0,70,,5285,360,,,0,30,,5281,360,,,0,70,,5304,360,,,0,31,,5291,360,,,0,70,,5282,360,,,0,102,,5305,360,,,0,101,,5283,360,,,0,100,,5292,360,,,0,100,,5299,360,,,0,101,,5293,360,,,0,99,,5306,360,,,0
1400,'TM-A26-TM_GTFS-Semaine-01',531,,5322,360,,,0,72,,5315,360,,,0,31,,5323,360,,,0,72,,5328,360,,,0,27,,5316,360,,,0,70,,5324,360,,,0,30,,5314,360,,,0,70,,5317,360,,,0,30,,5325,360,,,0,72,,5318,360,,,0,100,,5329,360,,,0,100,,5331,360,,,0,100,,5330,360,,,0,100,,5307,360,,,0,100,,5312,360,,,0,100,,5308,360,,,0,30,,5326,360,,,0,70,,5313,360,,,0,30,,5309,360,,,0,70,,5332,360,,,0,31,,5319,360,,,0,70,,5310,360,,,0,102,,5333,360,,,0,101,,5311,360,,,0,100,,5320,360,,,0,100,,5327,360,,,0,101,,5321,360,,,0,99,,5334,360,,,0
1400,'TM-A26-TM_GTFS-Week-end-01',641,,5335,360,,,0,100,,5340,360,,,0,99,,5338,360,,,0,99,,5352,360,,,0,100,,5347,360,,,0,100,,5345,360,,,0,99,,5348,360,,,0,100,,5346,360,,,0,100,,5349,360,,,0,101,,5353,360,,,0,100,,5350,360,,,0,100,,5354,360,,,0,100,,5351,360,,,0,100,,5337,360,,,0,100,,5341,360,,,0,100,,5344,360,,,0,100,,5342,360,,,0,101,,5339,360,,,0,100,,5343,360,,,0,100,,5336,360,,,0
1701,'TM-A26-TM_GTFS-Fête-1-01',631,,5541,570,,,0,101,,5532,570,,,0,100,,5523,570,,,0,100,,5533,570,,,0,100,,5524,570,,,0,100,,5534,570,,,0,100,,5525,570,,,0,100,,5535,570,,,0,100,,5526,570,,,0,100,,5536,570,,,0,100,,5527,570,,,0,99,,5537,570,,,0,100,,5528,570,,,0,100,,5538,570,,,0,99,,5529,570,,,0,100,,5539,570,,,0,100,,5530,570,,,0,100,,5540,570,,,0,100,,5531,570,,,0
1701,'TM-A26-TM_GTFS-Fête-2-01',532,,5545,570,,,0,102,,5554,570,,,0,94,,5546,570,,,0,104,,5555,570,,,0,100,,5547,570,,,0,99,,5556,570,,,0,100,,5548,570,,,0,100,,5557,570,,,0,100,,5549,570,,,0,100,,5558,570,,,0,101,,5550,570,,,0,100,,5559,570,,,0,104,,5551,570,,,0,96,,5542,570,,,0,95,,5552,570,,,0,100,,5543,570,,,0,100,,5553,570,,,0,100,,5544,570,,,0,100,,5560,570,,,0,100,,5561,570,,,0
1701,'TM-A26-TM_GTFS-Semaine-01',532,,5565,570,,,0,102,,5574,570,,,0,94,,5566,570,,,0,104,,5575,570,,,0,100,,5567,570,,,0,99,,5576,570,,,0,100,,5568,570,,,0,100,,5577,570,,,0,100,,5569,570,,,0,100,,5578,570,,,0,101,,5570,570,,,0,100,,5579,570,,,0,104,,5571,570,,,0,96,,5562,570,,,0,95,,5572,570,,,0,100,,5563,570,,,0,100,,5573,570,,,0,100,,5564,570,,,0,100,,5580,570,,,0,100,,5581,570,,,0
1701,'TM-A26-TM_GTFS-Week-end-01',631,,5600,570,,,0,101,,5591,570,,,0,100,,5582,570,,,0,100,,5592,570,,,0,100,,5583,570,,,0,100,,5593,570,,,0,100,,5584,570,,,0,100,,5594,570,,,0,100,,5585,570,,,0,100,,5595,570,,,0,100,,5586,570,,,0,99,,5596,570,,,0,100,,5587,570,,,0,100,,5597,570,,,0,99,,5588,570,,,0,100,,5598,570,,,0,100,,5589,570,,,0,100,,5599,570,,,0,100,,5590,570,,,0
1800,'TM-A26-TM_GTFS-Fête-1-01',724,,5604,490,,,0,100,,5605,490,,,0,100,,5606,490,,,0,399,,5607,490,,,0,201,,5601,490,,,0,100,,5602,490,,,0,100,,5603,490,,,0,299,,5608,490,,,0
1800,'TM-A26-TM_GTFS-Fête-2-01',554,,5609,180,,,0,102,,5618,490,,,0,100,,5610,490,,,0,70,,5614,490,,,0,29,,5611,490,,,0,170,,5615,490,,,0,200,,5616,490,,,0,200,,5617,490,,,0,129,,5612,490,,,0,100,,5621,490,,,0,100,,5622,490,,,0,71,,5619,230,,,0,98,,5620,490,,,0,200,,5613,490,,,0
1800,'TM-A26-TM_GTFS-Semaine-01',554,,5623,180,,,0,102,,5632,490,,,0,100,,5624,490,,,0,70,,5628,490,,,0,29,,5625,490,,,0,170,,5629,490,,,0,200,,5630,490,,,0,200,,5631,490,,,0,129,,5626,490,,,0,100,,5635,490,,,0,100,,5636,490,,,0,71,,5633,230,,,0,98,,5634,490,,,0,200,,5627,490,,,0
1800,'TM-A26-TM_GTFS-Week-end-01',724,,5640,490,,,0,100,,5641,490,,,0,100,,5642,490,,,0,399,,5643,490,,,0,201,,5637,490,,,0,100,,5638,490,,,0,100,,5639,490,,,0,299,,5644,490,,,0
2301,'TM-A26-TM_GTFS-Fête-2-01',800,,6197,140,,,0,102,,6200,140,,,0,800,,6198,140,,,0,134,,6199,140,,,0
2301,'TM-A26-TM_GTFS-Semaine-01',800,,6201,140,,,0,102,,6204,140,,,0,356,,6206,140,,,0,200,,6205,140,,,0,244,,6202,140,,,0,134,,6203,140,,,0
2701,'TM-A26-TM_GTFS-Semaine-01',548,,6280,40,,,0,98,,6283,40,,,0,100,,6284,40,,,0,99,,6285,130,,,0,768,,6281,130,,,0,103,,6282,130,,,0,101,,6286,130,,,0
