300,'TM-A26-TM_GTFS-Fête-1-01',610,,4867,180,,,0,199,,4868,300,,,0,205,,4869,300,,,0,200,,4870,300,,,0,200,,4871,300,,,0,199,,4872,300,,,0,198,,4873,300,,,0,199,,4874,300,,,0,200,,4875,300,,,0,199,,4876,300,,,0
300,'TM-A26-TM_GTFS-Fête-2-01',516,,4878,180,,,0,96,,4879,300,,,0,30,,4895,300,,,0,71,,4889,300,,,0,30,,4894,300,,,0,71,,4888,300,,,0,100,,4883,300,,,0,201,,4884,300,,,0,200,,4885,300,,,0,130,,4887,300,,,0,105,,4886,300,,,0,97,,4892,300,,,0,68,,4891,300,,,0,30,,4893,300,,,0,70,,4890,300,,,0,97,,4877,300,,,0,128,,4880,300,,,0,100,,4881,300,,,0,269,,4882,300,,,0
300,'TM-A26-TM_GTFS-Semaine-01',516,,4897,180,,,0,96,,4898,300,,,0,30,,4914,300,,,0,71,,4908,300,,,0,30,,4913,300,,,0,71,,4907,300,,,0,100,,4902,300,,,0,201,,4903,300,,,0,200,,4904,300,,,0,130,,4906,300,,,0,105,,4905,300,,,0,97,,4911,300,,,0,68,,4910,300,,,0,30,,4912,300,,,0,70,,4909,300,,,0,97,,4896,300,,,0,128,,4899,300,,,0,100,,4900,300,,,0,269,,4901,300,,,0
300,'TM-A26-TM_GTFS-Week-end-01',610,,4915,180,,,0,199,,4916,300,,,0,205,,4917,300,,,0,200,,4918,300,,,0,200,,4919,300,,,0,199,,4920,300,,,0,198,,4921,300,,,0,199,,4922,300,,,0,200,,4923,300,,,0,199,,4924,300,,,0
2101,'TM-A26-TM_GTFS-Fête-2-01',1622,,6172,390,0,5,0,101,,6171,390,0,5,0,100,,6170,390,0,5,0
2101,'TM-A26-TM_GTFS-Semaine-01',1622,,6175,390,0,5,0,101,,6174,390,0,5,0,100,,6173,390,0,5,0
41700,'TM-A26-TM_GTFS-Fête-2-01',558,,6507,290,,,0,73,,6509,290,,,0,80,,6506,290,,,0,100,,6508,290,,,0
41700,'TM-A26-TM_GTFS-Semaine-01',558,,6511,290,,,0,73,,6513,290,,,0,80,,6510,290,,,0,100,,6512,290,,,0
2000041700,'TM-A26-TM_GTFS-Fête-2-01',1316,,6879,290,,,0
2000041700,'TM-A26-TM_GTFS-Semaine-01',1316,,6880,290,,,0
