300,'TM-A26-TM_GTFS-Fête-1-01',625,,4867,430,,,0,201,,4868,550,,,0,207,,4869,550,,,0,200,,4870,550,,,0,200,,4871,550,,,0,197,,4872,550,,,0,197,,4873,550,,,0,199,,4874,550,,,0,200,,4875,550,,,0,198,,4876,550,,,0
300,'TM-A26-TM_GTFS-Fête-2-01',532,,4878,420,,,0,97,,4879,540,,,0,30,,4895,540,,,0,71,,4889,540,,,0,70,,4894,540,,,0,32,,4888,540,,,0,100,,4883,540,,,0,200,,4884,540,,,0,200,,4885,540,,,0,171,,4887,540,,,0,105,,4886,540,,,0,99,,4892,540,,,0,28,,4891,540,,,0,67,,4893,540,,,0,30,,4890,540,,,0,95,,4877,540,,,0,128,,4880,540,,,0,100,,4881,540,,,0,268,,4882,540,,,0
300,'TM-A26-TM_GTFS-Semaine-01',532,,4897,420,,,0,97,,4898,540,,,0,30,,4914,540,,,0,71,,4908,540,,,0,70,,4913,540,,,0,32,,4907,540,,,0,100,,4902,540,,,0,200,,4903,540,,,0,200,,4904,540,,,0,171,,4906,540,,,0,105,,4905,540,,,0,99,,4911,540,,,0,28,,4910,540,,,0,67,,4912,540,,,0,30,,4909,540,,,0,95,,4896,540,,,0,128,,4899,540,,,0,100,,4900,540,,,0,268,,4901,540,,,0
300,'TM-A26-TM_GTFS-Week-end-01',625,,4915,430,,,0,201,,4916,550,,,0,207,,4917,550,,,0,200,,4918,550,,,0,200,,4919,550,,,0,197,,4920,550,,,0,197,,4921,550,,,0,199,,4922,550,,,0,200,,4923,550,,,0,198,,4924,550,,,0
2001,'TM-A26-TM_GTFS-Fête-1-01',629,,6078,190,,,0,101,,6079,190,,,0,101,,6080,190,,,0,100,,6081,190,,,0,101,,6072,190,,,0,101,,6073,190,,,0,100,,6082,190,,,0,101,,6083,190,,,0,100,,6084,190,,,0,99,,6074,190,,,0,100,,6075,190,,,0,99,,6076,190,,,0,99,,6077,190,,,0,100,,6085,190,,,0,100,,6086,190,,,0,100,,6087,190,,,0,99,,6088,190,,,0,100,,6089,190,,,0,100,,6090,190,,,0
2001,'TM-A26-TM_GTFS-Fête-2-01',531,,6095,190,,,0,100,,6096,190,,,0,70,,6092,190,,,0,30,,6097,190,,,0,72,,6116,190,,,0,30,,6098,190,,,0,70,,6114,190,,,0,30,,6099,190,,,0,100,,6100,190,,,0,101,,6091,190,,,0,100,,6101,190,,,0,100,,6108,190,,,0,98,,6109,190,,,0,99,,6110,190,,,0,100,,6111,190,,,0,25,,6112,190,,,0,70,,6093,190,,,0,30,,6113,190,,,0,70,,6102,190,,,0,31,,6115,190,,,0,70,,6094,190,,,0,105,,6103,190,,,0,99,,6104,190,,,0,98,,6105,190,,,0,100,,6106,190,,,0,100,,6107,190,,,0
2001,'TM-A26-TM_GTFS-Semaine-01',531,,6121,190,,,0,100,,6122,190,,,0,70,,6118,190,,,0,30,,6123,190,,,0,72,,6142,190,,,0,30,,6124,190,,,0,70,,6140,190,,,0,30,,6125,190,,,0,100,,6126,190,,,0,101,,6117,190,,,0,100,,6127,190,,,0,100,,6134,190,,,0,98,,6135,190,,,0,99,,6136,190,,,0,100,,6137,190,,,0,25,,6138,190,,,0,70,,6119,190,,,0,30,,6139,190,,,0,70,,6128,190,,,0,31,,6141,190,,,0,70,,6120,190,,,0,105,,6129,190,,,0,99,,6130,190,,,0,98,,6131,190,,,0,100,,6132,190,,,0,100,,6133,190,,,0
2001,'TM-A26-TM_GTFS-Week-end-01',629,,6149,190,,,0,101,,6150,190,,,0,101,,6151,190,,,0,100,,6152,190,,,0,101,,6143,190,,,0,101,,6144,190,,,0,100,,6153,190,,,0,101,,6154,190,,,0,100,,6155,190,,,0,99,,6145,190,,,0,100,,6146,190,,,0,99,,6147,190,,,0,99,,6148,190,,,0,100,,6156,190,,,0,100,,6157,190,,,0,100,,6158,190,,,0,99,,6159,190,,,0,100,,6160,190,,,0,100,,6161,190,,,0
2100,'TM-A26-TM_GTFS-Fête-2-01',632,,6163,280,0,5,0,93,,6162,500,0,5,0,100,,6164,500,0,5,0,100,,6165,500,0,5,0
2100,'TM-A26-TM_GTFS-Semaine-01',632,,6167,280,0,5,0,93,,6166,500,0,5,0,100,,6168,500,0,5,0,100,,6169,500,0,5,0
2101,'TM-A26-TM_GTFS-Fête-2-01',1631,,6172,500,0,5,0,100,,6171,500,0,5,0,100,,6170,500,0,5,0
2101,'TM-A26-TM_GTFS-Semaine-01',1631,,6175,500,0,5,0,100,,6174,500,0,5,0,100,,6173,500,0,5,0
2701,'TM-A26-TM_GTFS-Semaine-01',556,,6280,150,,,0,98,,6283,150,,,0,100,,6284,150,,,0,100,,6285,240,,,0,769,,6281,240,,,0,103,,6282,240,,,0,100,,6286,240,,,0
