100,'TM-A26-TM_GTFS-Fête-1-01',625,,4703,270,,,0,96,,4704,560,,,0,100,,4705,560,,,0,101,,4706,560,,,0,100,,4707,560,,,0,100,,4708,560,,,0,100,,4709,560,,,0,100,,4710,560,,,0,104,,4711,630,,,0,100,,4712,630,,,0,100,,4713,630,,,0,100,,4714,630,,,0,99,,4715,630,,,0,100,,4716,630,,,0,99,,4717,630,,,0,100,,4718,630,,,0,99,,4719,630,,,0,100,,4720,630,,,0,100,,4721,630,,,0,100,,4722,630,0,13 3 14,0
100,'TM-A26-TM_GTFS-Fête-2-01',552,,4723,560,,,0,70,,4751,560,,,0,30,,4749,560,,,0,70,,4741,560,,,0,30,,4750,560,,,0,70,,4729,560,,,0,30,,4746,560,,,0,70,,4730,560,,,0,100,,4731,560,,,0,100,,4732,560,,,0,100,,4733,560,,,0,100,,4734,560,,,0,100,,4735,560,,,0,100,,4736,560,,,0,30,,4747,560,,,0,71,,4737,560,,,0,30,,4748,560,,,0,70,,4739,560,,,0,29,,4727,560,,,0,70,,4738,560,,,0,29,,4726,560,,,0,69,,4740,560,,,0,30,,4728,560,,,0,70,,4742,560,,,0,100,,4752,560,,,0,100,,4753,560,,,0,100,,4743,560,,,0,100,,4744,560,,,0,100,,4745,560,0,13 3 14,0
100,'TM-A26-TM_GTFS-Semaine-01',552,,4754,560,,,0,70,,4782,560,,,0,30,,4780,560,,,0,70,,4772,560,,,0,30,,4781,560,,,0,70,,4760,560,,,0,30,,4777,560,,,0,70,,4761,560,,,0,100,,4762,560,,,0,100,,4763,560,,,0,100,,4764,560,,,0,100,,4765,560,,,0,100,,4766,560,,,0,100,,4767,560,,,0,30,,4778,560,,,0,71,,4768,560,,,0,30,,4779,560,,,0,70,,4770,560,,,0,29,,4758,560,,,0,70,,4769,560,,,0,29,,4757,560,,,0,69,,4771,560,,,0,30,,4759,560,,,0,70,,4773,560,,,0,100,,4783,560,,,0,100,,4784,560,,,0,100,,4774,560,,,0,100,,4775,560,,,0,100,,4776,560,0,13 3 14,0
100,'TM-A26-TM_GTFS-Week-end-01',625,,4785,270,,,0,96,,4786,560,,,0,100,,4787,560,,,0,101,,4788,560,,,0,100,,4789,560,,,0,100,,4790,560,,,0,100,,4791,560,,,0,100,,4792,560,,,0,104,,4793,630,,,0,100,,4794,630,,,0,100,,4795,630,,,0,100,,4796,630,,,0,99,,4797,630,,,0,100,,4798,630,,,0,99,,4799,630,,,0,100,,4800,630,,,0,99,,4801,630,,,0,100,,4802,630,,,0,100,,4803,630,,,0,100,,4804,630,0,13 3 14,0
1400,'TM-A26-TM_GTFS-Fête-1-01',637,,5259,290,,,0,100,,5264,290,,,0,99,,5262,290,,,0,99,,5276,290,,,0,99,,5271,290,,,0,100,,5269,290,,,0,99,,5272,290,,,0,100,,5270,290,,,0,100,,5273,290,,,0,102,,5277,290,,,0,100,,5274,290,,,0,100,,5278,290,,,0,100,,5275,290,,,0,100,,5261,290,,,0,100,,5265,290,,,0,100,,5268,290,,,0,100,,5266,290,,,0,102,,5263,290,,,0,100,,5267,290,,,0,100,,5260,290,,,0
1400,'TM-A26-TM_GTFS-Fête-2-01',526,,5294,290,,,0,31,,5287,290,,,0,71,,5295,290,,,0,72,,5300,290,,,0,27,,5288,290,,,0,30,,5296,290,,,0,70,,5286,290,,,0,31,,5289,290,,,0,70,,5297,290,,,0,72,,5290,290,,,0,100,,5301,290,,,0,100,,5303,290,,,0,100,,5302,290,,,0,100,,5279,290,,,0,100,,5284,290,,,0,100,,5280,290,,,0,30,,5298,290,,,0,70,,5285,290,,,0,30,,5281,290,,,0,70,,5304,290,,,0,32,,5291,290,,,0,70,,5282,290,,,0,102,,5305,290,,,0,101,,5283,290,,,0,100,,5292,290,,,0,101,,5299,290,,,0,101,,5293,290,,,0,99,,5306,290,,,0
1400,'TM-A26-TM_GTFS-Semaine-01',526,,5322,290,,,0,31,,5315,290,,,0,71,,5323,290,,,0,72,,5328,290,,,0,27,,5316,290,,,0,30,,5324,290,,,0,70,,5314,290,,,0,31,,5317,290,,,0,70,,5325,290,,,0,72,,5318,290,,,0,100,,5329,290,,,0,100,,5331,290,,,0,100,,5330,290,,,0,100,,5307,290,,,0,100,,5312,290,,,0,100,,5308,290,,,0,30,,5326,290,,,0,70,,5313,290,,,0,30,,5309,290,,,0,70,,5332,290,,,0,32,,5319,290,,,0,70,,5310,290,,,0,102,,5333,290,,,0,101,,5311,290,,,0,100,,5320,290,,,0,101,,5327,290,,,0,101,,5321,290,,,0,99,,5334,290,,,0
1400,'TM-A26-TM_GTFS-Week-end-01',637,,5335,290,,,0,100,,5340,290,,,0,99,,5338,290,,,0,99,,5352,290,,,0,99,,5347,290,,,0,100,,5345,290,,,0,99,,5348,290,,,0,100,,5346,290,,,0,100,,5349,290,,,0,102,,5353,290,,,0,100,,5350,290,,,0,100,,5354,290,,,0,100,,5351,290,,,0,100,,5337,290,,,0,100,,5341,290,,,0,100,,5344,290,,,0,100,,5342,290,,,0,102,,5339,290,,,0,100,,5343,290,,,0,100,,5336,290,,,0
1701,'TM-A26-TM_GTFS-Fête-1-01',627,,5541,500,,,0,100,,5532,500,,,0,100,,5523,500,,,0,100,,5533,500,,,0,100,,5524,500,,,0,100,,5534,500,,,0,100,,5525,500,,,0,100,,5535,500,,,0,100,,5526,500,,,0,100,,5536,500,,,0,100,,5527,500,,,0,100,,5537,500,,,0,100,,5528,500,,,0,100,,5538,500,,,0,100,,5529,500,,,0,100,,5539,500,,,0,100,,5530,500,,,0,100,,5540,500,,,0,100,,5531,500,,,0
1701,'TM-A26-TM_GTFS-Fête-2-01',527,,5545,500,,,0,102,,5554,500,,,0,94,,5546,500,,,0,104,,5555,500,,,0,99,,5547,500,,,0,99,,5556,500,,,0,100,,5548,500,,,0,100,,5557,500,,,0,100,,5549,500,,,0,100,,5558,500,,,0,101,,5550,500,,,0,100,,5559,500,,,0,104,,5551,500,,,0,99,,5542,500,,,0,95,,5552,500,,,0,100,,5543,500,,,0,100,,5553,500,,,0,100,,5544,500,,,0,100,,5560,500,,,0,100,,5561,500,,,0
1701,'TM-A26-TM_GTFS-Semaine-01',527,,5565,500,,,0,102,,5574,500,,,0,94,,5566,500,,,0,104,,5575,500,,,0,99,,5567,500,,,0,99,,5576,500,,,0,100,,5568,500,,,0,100,,5577,500,,,0,100,,5569,500,,,0,100,,5578,500,,,0,101,,5570,500,,,0,100,,5579,500,,,0,104,,5571,500,,,0,99,,5562,500,,,0,95,,5572,500,,,0,100,,5563,500,,,0,100,,5573,500,,,0,100,,5564,500,,,0,100,,5580,500,,,0,100,,5581,500,,,0
1701,'TM-A26-TM_GTFS-Week-end-01',627,,5600,500,,,0,100,,5591,500,,,0,100,,5582,500,,,0,100,,5592,500,,,0,100,,5583,500,,,0,100,,5593,500,,,0,100,,5584,500,,,0,100,,5594,500,,,0,100,,5585,500,,,0,100,,5595,500,,,0,100,,5586,500,,,0,100,,5596,500,,,0,100,,5587,500,,,0,100,,5597,500,,,0,100,,5588,500,,,0,100,,5598,500,,,0,100,,5589,500,,,0,100,,5599,500,,,0,100,,5590,500,,,0
