300,'TM-A26-TM_GTFS-Fête-1-01',629,,4867,470,,,0,201,,4868,590,,,0,207,,4869,590,,,0,200,,4870,590,,,0,200,,4871,590,,,0,197,,4872,590,,,0,197,,4873,590,,,0,199,,4874,590,,,0,200,,4875,590,,,0,198,,4876,590,,,0
300,'TM-A26-TM_GTFS-Fête-2-01',536,,4878,460,,,0,98,,4879,580,,,0,70,,4895,580,,,0,31,,4889,580,,,0,70,,4894,580,,,0,32,,4888,580,,,0,100,,4883,580,,,0,200,,4884,580,,,0,200,,4885,580,,,0,171,,4887,580,,,0,105,,4886,580,,,0,99,,4892,580,,,0,28,,4891,580,,,0,66,,4893,580,,,0,30,,4890,580,,,0,95,,4877,580,,,0,128,,4880,580,,,0,100,,4881,580,,,0,267,,4882,580,,,0
300,'TM-A26-TM_GTFS-Semaine-01',536,,4897,460,,,0,98,,4898,580,,,0,70,,4914,580,,,0,31,,4908,580,,,0,70,,4913,580,,,0,32,,4907,580,,,0,100,,4902,580,,,0,200,,4903,580,,,0,200,,4904,580,,,0,171,,4906,580,,,0,105,,4905,580,,,0,99,,4911,580,,,0,28,,4910,580,,,0,66,,4912,580,,,0,30,,4909,580,,,0,95,,4896,580,,,0,128,,4899,580,,,0,100,,4900,580,,,0,267,,4901,580,,,0
300,'TM-A26-TM_GTFS-Week-end-01',629,,4915,470,,,0,201,,4916,590,,,0,207,,4917,590,,,0,200,,4918,590,,,0,200,,4919,590,,,0,197,,4920,590,,,0,197,,4921,590,,,0,199,,4922,590,,,0,200,,4923,590,,,0,198,,4924,590,,,0
400,'TM-A26-TM_GTFS-Fête-2-01',1656,,4929,360,,,0,91,,4925,360,,,0,100,,4926,360,,,0,294,,4927,360,,,0,275,,4928,360,,,0
400,'TM-A26-TM_GTFS-Semaine-01',1656,,4934,360,,,0,91,,4930,360,,,0,100,,4931,360,,,0,294,,4932,360,,,0,275,,4933,360,,,0
1101,'TM-A26-TM_GTFS-Fête-1-01',636,,5179,600,,,0,100,,5169,600,,,0,100,,5180,600,,,0,100,,5170,600,,,0,101,,5171,600,,,0,100,,5181,600,,,0,100,,5172,600,,,0,100,,5182,600,,,0,100,,5173,600,,,0,100,,5183,600,,,0,100,,5174,600,,,0,100,,5184,600,,,0,99,,5175,600,,,0,99,,5185,600,,,0,100,,5176,600,,,0,99,,5186,600,,,0,100,,5177,600,,,0,100,,5187,600,,,0,100,,5178,600,,,0
1101,'TM-A26-TM_GTFS-Fête-2-01',604,,5197,490,,,0,30,,5193,600,,,0,70,,5188,600,,,0,30,,5208,600,,,0,70,,5198,600,,,0,30,,5201,600,,,0,100,,5209,600,,,0,100,,5202,600,,,0,102,,5205,600,,,0,100,,5203,600,,,0,100,,5206,600,,,0,100,,5204,600,,,0,97,,5207,600,,,0,70,,5199,600,,,0,32,,5213,600,,,0,70,,5194,600,,,0,31,,5196,600,,,0,69,,5200,600,,,0,30,,5189,600,,,0,69,,5195,600,,,0,30,,5210,600,,,0,103,,5190,600,,,0,99,,5211,600,,,0,101,,5191,600,,,0,99,,5212,600,,,0,101,,5192,600,,,0
1101,'TM-A26-TM_GTFS-Semaine-01',604,,5223,490,,,0,30,,5219,600,,,0,70,,5214,600,,,0,30,,5234,600,,,0,70,,5224,600,,,0,30,,5227,600,,,0,100,,5235,600,,,0,100,,5228,600,,,0,102,,5231,600,,,0,100,,5229,600,,,0,100,,5232,600,,,0,100,,5230,600,,,0,97,,5233,600,,,0,70,,5225,600,,,0,32,,5239,600,,,0,70,,5220,600,,,0,31,,5222,600,,,0,69,,5226,600,,,0,30,,5215,600,,,0,69,,5221,600,,,0,30,,5236,600,,,0,103,,5216,600,,,0,99,,5237,600,,,0,101,,5217,600,,,0,99,,5238,600,,,0,101,,5218,600,,,0
1101,'TM-A26-TM_GTFS-Week-end-01',636,,5250,600,,,0,100,,5240,600,,,0,100,,5251,600,,,0,100,,5241,600,,,0,101,,5242,600,,,0,100,,5252,600,,,0,100,,5243,600,,,0,100,,5253,600,,,0,100,,5244,600,,,0,100,,5254,600,,,0,100,,5245,600,,,0,100,,5255,600,,,0,99,,5246,600,,,0,99,,5256,600,,,0,100,,5247,600,,,0,99,,5257,600,,,0,100,,5248,600,,,0,100,,5258,600,,,0,100,,5249,600,,,0
2001,'TM-A26-TM_GTFS-Fête-1-01',634,,6078,230,,,0,101,,6079,230,,,0,101,,6080,230,,,0,100,,6081,230,,,0,101,,6072,230,,,0,101,,6073,230,,,0,100,,6082,230,,,0,101,,6083,230,,,0,100,,6084,230,,,0,99,,6074,230,,,0,100,,6075,230,,,0,99,,6076,230,,,0,98,,6077,230,,,0,100,,6085,230,,,0,100,,6086,230,,,0,100,,6087,230,,,0,99,,6088,230,,,0,100,,6089,230,,,0,100,,6090,230,,,0
2001,'TM-A26-TM_GTFS-Fête-2-01',535,,6095,230,,,0,101,,6096,230,,,0,70,,6092,230,,,0,30,,6097,230,,,0,72,,6116,230,,,0,30,,6098,230,,,0,70,,6114,230,,,0,30,,6099,230,,,0,100,,6100,230,,,0,101,,6091,230,,,0,100,,6101,230,,,0,100,,6108,230,,,0,99,,6109,230,,,0,99,,6110,230,,,0,100,,6111,230,,,0,65,,6112,230,,,0,30,,6093,230,,,0,70,,6113,230,,,0,30,,6102,230,,,0,71,,6115,230,,,0,28,,6094,230,,,0,105,,6103,230,,,0,99,,6104,230,,,0,98,,6105,230,,,0,100,,6106,230,,,0,100,,6107,230,,,0
2001,'TM-A26-TM_GTFS-Semaine-01',535,,6121,230,,,0,101,,6122,230,,,0,70,,6118,230,,,0,30,,6123,230,,,0,72,,6142,230,,,0,30,,6124,230,,,0,70,,6140,230,,,0,30,,6125,230,,,0,100,,6126,230,,,0,101,,6117,230,,,0,100,,6127,230,,,0,100,,6134,230,,,0,99,,6135,230,,,0,99,,6136,230,,,0,100,,6137,230,,,0,65,,6138,230,,,0,30,,6119,230,,,0,70,,6139,230,,,0,30,,6128,230,,,0,71,,6141,230,,,0,28,,6120,230,,,0,105,,6129,230,,,0,99,,6130,230,,,0,98,,6131,230,,,0,100,,6132,230,,,0,100,,6133,230,,,0
2001,'TM-A26-TM_GTFS-Week-end-01',634,,6149,230,,,0,101,,6150,230,,,0,101,,6151,230,,,0,100,,6152,230,,,0,101,,6143,230,,,0,101,,6144,230,,,0,100,,6153,230,,,0,101,,6154,230,,,0,100,,6155,230,,,0,99,,6145,230,,,0,100,,6146,230,,,0,99,,6147,230,,,0,98,,6148,230,,,0,100,,6156,230,,,0,100,,6157,230,,,0,100,,6158,230,,,0,99,,6159,230,,,0,100,,6160,230,,,0,100,,6161,230,,,0
2100,'TM-A26-TM_GTFS-Fête-2-01',636,,6163,320,0,5,0,94,,6162,540,0,5,0,100,,6164,540,0,5,0,100,,6165,540,0,5,0
2100,'TM-A26-TM_GTFS-Semaine-01',636,,6167,320,0,5,0,94,,6166,540,0,5,0,100,,6168,540,0,5,0,100,,6169,540,0,5,0
2101,'TM-A26-TM_GTFS-Fête-2-01',1637,,6172,540,0,5,0,99,,6171,540,0,5,0,100,,6170,540,0,5,0
2101,'TM-A26-TM_GTFS-Semaine-01',1637,,6175,540,0,5,0,99,,6174,540,0,5,0,100,,6173,540,0,5,0
2701,'TM-A26-TM_GTFS-Semaine-01',600,,6280,190,,,0,58,,6283,190,,,0,100,,6284,190,,,0,100,,6285,280,,,0,769,,6281,280,,,0,103,,6282,280,,,0,100,,6286,280,,,0
