1101,'TM-A26-TM_GTFS-Fête-1-01',554,,5179,30,,,0,100,,5169,30,,,0,100,,5180,30,,,0,100,,5170,30,,,0,100,,5171,30,,,0,100,,5181,30,,,0,100,,5172,30,,,0,100,,5182,30,,,0,100,,5173,30,,,0,100,,5183,30,,,0,100,,5174,30,,,0,100,,5184,30,,,0,100,,5175,30,,,0,100,,5185,30,,,0,100,,5176,30,,,0,100,,5186,30,,,0,100,,5177,30,,,0,100,,5187,30,,,0,100,,5178,30,,,0
1101,'TM-A26-TM_GTFS-Fête-2-01',551,,5193,30,,,0,70,,5188,30,,,0,30,,5208,30,,,0,70,,5198,30,,,0,30,,5201,30,,,0,100,,5209,30,,,0,97,,5202,30,,,0,102,,5205,30,,,0,100,,5203,30,,,0,100,,5206,30,,,0,100,,5204,30,,,0,97,,5207,30,,,0,70,,5199,30,,,0,34,,5213,30,,,0,70,,5194,30,,,0,32,,5196,30,,,0,69,,5200,30,,,0,30,,5189,30,,,0,69,,5195,30,,,0,32,,5210,30,,,0,103,,5190,30,,,0,99,,5211,30,,,0,101,,5191,30,,,0,99,,5212,30,,,0,101,,5192,30,,,0
1101,'TM-A26-TM_GTFS-Semaine-01',551,,5219,30,,,0,70,,5214,30,,,0,30,,5234,30,,,0,70,,5224,30,,,0,30,,5227,30,,,0,100,,5235,30,,,0,97,,5228,30,,,0,102,,5231,30,,,0,100,,5229,30,,,0,100,,5232,30,,,0,100,,5230,30,,,0,97,,5233,30,,,0,70,,5225,30,,,0,34,,5239,30,,,0,70,,5220,30,,,0,32,,5222,30,,,0,69,,5226,30,,,0,30,,5215,30,,,0,69,,5221,30,,,0,32,,5236,30,,,0,103,,5216,30,,,0,99,,5237,30,,,0,101,,5217,30,,,0,99,,5238,30,,,0,101,,5218,30,,,0
1101,'TM-A26-TM_GTFS-Week-end-01',554,,5250,30,,,0,100,,5240,30,,,0,100,,5251,30,,,0,100,,5241,30,,,0,100,,5242,30,,,0,100,,5252,30,,,0,100,,5243,30,,,0,100,,5253,30,,,0,100,,5244,30,,,0,100,,5254,30,,,0,100,,5245,30,,,0,100,,5255,30,,,0,100,,5246,30,,,0,100,,5256,30,,,0,100,,5247,30,,,0,100,,5257,30,,,0,100,,5248,30,,,0,100,,5258,30,,,0,100,,5249,30,,,0
4000,'TM-A26-TM_GTFS-Fête-1-01',712,,6434,100,,,0,396,,6435,100,,,0,500,,6436,100,,,0
4000,'TM-A26-TM_GTFS-Week-end-01',712,,6437,100,,,0,396,,6438,100,,,0,500,,6439,100,,,0
4001,'TM-A26-TM_GTFS-Fête-1-01',804,,6440,50,,,0,400,,6441,50,,,0,499,,6442,50,,,0
4001,'TM-A26-TM_GTFS-Week-end-01',804,,6443,50,,,0,400,,6444,50,,,0,499,,6445,50,,,0
14000,'TM-A26-TM_GTFS-Fête-2-01',514,,6462,100,,,0,40,,6454,100,,,0,60,,6456,100,,,0,20,,6465,100,,,0,20,,6452,100,,,0,60,,6461,100,,,0,25,,6463,100,,,0,71,,6460,100,,,0,390,,6464,100,,,0,108,,6458,100,,,0,219,,6457,100,,,0,189,,6455,100,,,0,135,,6459,100,,,0,293,,6453,100,,,0
14000,'TM-A26-TM_GTFS-Semaine-01',514,,6476,100,,,0,40,,6468,100,,,0,60,,6470,100,,,0,20,,6479,100,,,0,20,,6466,100,,,0,60,,6475,100,,,0,25,,6477,100,,,0,71,,6474,100,,,0,390,,6478,100,,,0,108,,6472,100,,,0,219,,6471,100,,,0,189,,6469,100,,,0,135,,6473,100,,,0,293,,6467,100,,,0
14001,'TM-A26-TM_GTFS-Fête-2-01',633,,6491,50,,,0,106,,6486,50,,,0,97,,6490,50,,,0,470,,6488,50,,,0,208,,6483,50,,,0,97,,6487,50,,,0,42,,6485,50,,,0,67,,6489,50,,,0,30,,6492,50,,,0,80,,6480,50,,,0,70,,6484,50,,,0,58,,6481,50,,,0,292,,6482,50,,,0
14001,'TM-A26-TM_GTFS-Semaine-01',633,,6504,50,,,0,106,,6499,50,,,0,97,,6503,50,,,0,470,,6501,50,,,0,208,,6496,50,,,0,97,,6500,50,,,0,42,,6498,50,,,0,67,,6502,50,,,0,30,,6505,50,,,0,80,,6493,50,,,0,70,,6497,50,,,0,58,,6494,50,,,0,292,,6495,50,,,0
3001100,'TM-A26-TM_GTFS-Semaine-01',703,,6710,20,,,0
3001101,'TM-A26-TM_GTFS-Semaine-01',1701,,6711,100,,,0,58,,6712,100,,,0
2000001201,'TM-A26-TM_GTFS-Fête-2-01',801,,6745,30,,,0,100,,6746,30,,,0,315,,6747,30,,,0
2000001201,'TM-A26-TM_GTFS-Semaine-01',801,,6748,30,,,0,100,,6749,30,,,0,315,,6750,30,,,0
