1901,'TM-A26-TM_GTFS-Fête-1-01',639,,5827,90,,,0,100,,5828,90,,,0,100,,5829,90,,,0,100,,5830,90,,,0,100,,5831,90,,,0,100,,5832,90,,,0,100,,5833,90,,,0,100,,5834,90,,,0,101,,5835,90,,,0,100,,5836,90,,,0,100,,5837,90,,,0,100,,5838,90,,,0,99,,5839,90,,,0,100,,5840,90,,,0,100,,5841,90,,,0,100,,5842,90,,,0,100,,5843,90,,,0,100,,5844,90,,,0,100,,5845,90,,,0,100,,5846,90,,,0
1901,'TM-A26-TM_GTFS-Fête-2-01',543,,5889,90,,,0,85,,5848,90,,,0,79,,5856,90,,,0,29,,5861,90,,,0,13,,5888,90,,,0,62,,5849,90,,,0,32,,5862,90,,,0,71,,5881,90,,,0,27,,5869,90,,,0,70,,5882,90,,,0,30,,5870,90,,,0,70,,5883,90,,,0,30,,5863,90,,,0,70,,5857,90,,,0,30,,5864,90,,,0,70,,5858,90,,,0,30,,5865,90,,,0,70,,5859,90,,,0,32,,5866,90,,,0,72,,5860,90,,,0,18,,5854,90,,,0,15,,5867,90,,,0,66,,5885,90,,,0,12,,5853,90,,,0,16,,5868,90,,,0,14,,5850,90,,,0,52,,5890,90,,,0,12,,5847,90,,,0,12,,5851,90,,,0,9,,5884,90,,,0,12,,5886,90,,,0,49,,5852,90,,,0,20,,5892,90,,,0,13,,5891,90,,,0,69,,5887,90,,,0,35,,5855,90,,,0,70,,5877,90,,,0,30,,5871,90,,,0,70,,5878,90,,,0,30,,5872,90,,,0,70,,5879,90,,,0,30,,5873,90,,,0,70,,5880,90,,,0,30,,5874,90,,,0,100,,5875,90,,,0,103,,5876,90,,,0
1901,'TM-A26-TM_GTFS-Semaine-01',543,,5951,90,,,0,14,,5952,90,,,0,51,,5895,90,,,0,10,,5953,90,,,0,10,,5896,90,,,0,9,,5918,90,,,0,22,,5954,90,,,0,48,,5911,90,,,0,29,,5919,90,,,0,5,,5898,90,,,0,8,,5950,90,,,0,10,,5912,90,,,0,52,,5899,90,,,0,12,,5894,90,,,0,7,,5897,90,,,0,13,,5920,90,,,0,71,,5940,90,,,0,27,,5927,90,,,0,70,,5941,90,,,0,30,,5928,90,,,0,70,,5942,90,,,0,30,,5921,90,,,0,70,,5913,90,,,0,30,,5922,90,,,0,70,,5914,90,,,0,30,,5923,90,,,0,70,,5915,90,,,0,32,,5924,90,,,0,72,,5916,90,,,0,18,,5907,90,,,0,15,,5925,90,,,0,56,,5946,90,,,0,10,,5947,90,,,0,6,,5943,90,,,0,6,,5906,90,,,0,10,,5956,90,,,0,6,,5926,90,,,0,8,,5903,90,,,0,6,,5900,90,,,0,46,,5935,90,,,0,6,,5957,90,,,0,6,,5917,90,,,0,6,,5893,90,,,0,6,,5904,90,,,0,6,,5901,90,,,0,3,,5958,90,,,0,6,,5944,90,,,0,6,,5905,90,,,0,6,,5948,90,,,0,6,,5908,90,,,0,43,,5902,90,,,0,10,,5959,90,,,0,10,,5961,90,,,0,3,,5945,90,,,0,10,,5960,90,,,0,14,,5910,90,,,0,55,,5949,90,,,0,15,,5955,90,,,0,20,,5909,90,,,0,70,,5936,90,,,0,30,,5929,90,,,0,70,,5937,90,,,0,30,,5930,90,,,0,70,,5938,90,,,0,30,,5931,90,,,0,70,,5939,90,,,0,30,,5932,90,,,0,100,,5933,90,,,0,103,,5934,90,,,0
1901,'TM-A26-TM_GTFS-Week-end-01',639,,5962,90,,,0,100,,5963,90,,,0,100,,5964,90,,,0,100,,5965,90,,,0,100,,5966,90,,,0,100,,5967,90,,,0,100,,5968,90,,,0,100,,5969,90,,,0,101,,5970,90,,,0,100,,5971,90,,,0,100,,5972,90,,,0,100,,5973,90,,,0,99,,5974,90,,,0,100,,5975,90,,,0,100,,5976,90,,,0,100,,5977,90,,,0,100,,5978,90,,,0,100,,5979,90,,,0,100,,5980,90,,,0,100,,5981,90,,,0
2501,'TM-A26-TM_GTFS-Fête-2-01',705,,6239,110,,,0,30,,6244,110,,,0,101,,6246,110,,,0,101,,6247,110,,,0,70,,6248,110,,,0,100,,6249,110,,,0,100,,6250,110,,,0,100,,6251,110,,,0,134,,6252,110,,,0,101,,6240,110,,,0,67,,6253,110,,,0,33,,6242,110,,,0,67,,6241,110,,,0,33,,6254,110,,,0,69,,6243,110,,,0,30,,6245,110,,,0,66,,6255,110,,,0
2501,'TM-A26-TM_GTFS-Semaine-01',705,,6256,110,,,0,30,,6261,110,,,0,101,,6263,110,,,0,101,,6264,110,,,0,70,,6265,110,,,0,100,,6266,110,,,0,100,,6267,110,,,0,100,,6268,110,,,0,134,,6269,110,,,0,101,,6257,110,,,0,67,,6270,110,,,0,33,,6259,110,,,0,67,,6258,110,,,0,33,,6271,110,,,0,69,,6260,110,,,0,30,,6262,110,,,0,66,,6272,110,,,0
3001,'TM-A26-TM_GTFS-Fête-1-01',737,,6362,70,0,8 7,0,100,,6363,70,0,8 7,0,901,,6364,70,0,8 7,0,200,,6365,70,0,8 7,0
3001,'TM-A26-TM_GTFS-Fête-2-01',621,,6367,40,,,0,25,,6376,40,0,8 7,0,71,,6377,40,,,0,94,,6369,40,,,0,30,,6368,40,0,8 7,0,99,,6366,40,0,8 7,0,101,,6375,70,0,8 7,0,100,,6372,70,0,8 7,0,100,,6381,70,0,8 7,0,100,,6373,70,0,8 7,0,100,,6374,70,0,8 7,0,92,,6389,70,,,0,23,,6384,70,,,0,61,,6379,70,,,0,20,,6390,70,,,0,20,,6385,70,,,0,60,,6388,70,,,0,20,,6378,70,,,0,19,,6387,70,,,0,57,,6382,70,,,0,25,,6380,70,,,0,69,,6370,70,,,0,36,,6386,70,0,8 7,0,99,,6371,70,0,8 7,0,100,,6383,70,0,8 7,0
3001,'TM-A26-TM_GTFS-Semaine-01',621,,6393,40,,,0,25,,6403,40,0,8 7,0,60,,6429,40,,,0,11,,6405,40,,,0,9,,6392,40,0,8 7,0,85,,6395,40,,,0,30,,6394,40,0,8 7,0,99,,6391,40,0,8 7,0,101,,6402,70,0,8 7,0,100,,6399,70,0,8 7,0,100,,6416,70,0,8 7,0,100,,6400,70,0,8 7,0,100,,6401,70,0,8 7,0,68,,6409,70,0,8 7,0,24,,6426,70,,,0,13,,6410,70,,,0,10,,6420,70,,,0,51,,6414,70,,,0,10,,6411,70,,,0,10,,6422,70,,,0,10,,6408,40,0,8 7,0,10,,6406,70,,,0,10,,6421,70,,,0,50,,6404,70,,,0,10,,6425,70,,,0,10,,6419,70,,,0,10,,6407,70,,,0,9,,6428,70,,,0,10,,6424,70,,,0,50,,6412,70,,,0,7,,6417,70,,,0,10,,6415,70,,,0,15,,6413,70,,,0,15,,6396,70,,,0,54,,6397,70,,,0,36,,6423,70,0,8 7,0,99,,6398,70,0,8 7,0,100,,6418,70,0,8 7,0
3001,'TM-A26-TM_GTFS-Week-end-01',737,,6430,70,0,8 7,0,100,,6431,70,0,8 7,0,901,,6432,70,0,8 7,0,200,,6433,70,0,8 7,0
2002501,'TM-A26-TM_GTFS-Fête-1-01',743,,6676,70,,,0,99,,6658,70,,,0,100,,6660,70,,,0,100,,6665,70,,,0,100,,6664,70,,,0,100,,6662,70,,,0,100,,6661,70,,,0,100,,6659,70,,,0,100,,6663,70,,,0,100,,6666,70,,,0,100,,6667,70,,,0,100,,6669,70,,,0,100,,6670,70,,,0,100,,6668,70,,,0,100,,6675,70,,,0,100,,6672,70,,,0,100,,6671,70,,,0,100,,6673,70,,,0,100,,6674,70,,,0
2002501,'TM-A26-TM_GTFS-Fête-2-01',1942,,6678,70,,,0,100,,6679,70,,,0,100,,6680,70,,,0,100,,6681,70,,,0,100,,6682,70,,,0,100,,6683,70,,,0,95,,6677,70,,,0
2002501,'TM-A26-TM_GTFS-Semaine-01',1942,,6685,70,,,0,100,,6686,70,,,0,100,,6687,70,,,0,100,,6688,70,,,0,100,,6689,70,,,0,100,,6690,70,,,0,95,,6684,70,,,0
2002501,'TM-A26-TM_GTFS-Week-end-01',743,,6709,70,,,0,99,,6691,70,,,0,100,,6693,70,,,0,100,,6698,70,,,0,100,,6697,70,,,0,100,,6695,70,,,0,100,,6694,70,,,0,100,,6692,70,,,0,100,,6696,70,,,0,100,,6699,70,,,0,100,,6700,70,,,0,100,,6702,70,,,0,100,,6703,70,,,0,100,,6701,70,,,0,100,,6708,70,,,0,100,,6705,70,,,0,100,,6704,70,,,0,100,,6706,70,,,0,100,,6707,70,,,0
