900,'TM-A26-TM_GTFS-Fête-2-01',640,,5033,720,4,,0,100,,5039,720,4,,0,100,,5036,720,4,,0,102,,5037,720,4,,0,100,,5031,720,4,,0,100,,5032,720,4,,0,302,,5038,450,4,,0,200,,5034,450,4,,0,200,,5035,450,4,,0
900,'TM-A26-TM_GTFS-Semaine-01',640,,5042,720,4,,0,100,,5048,720,4,,0,100,,5045,720,4,,0,102,,5046,720,4,,0,100,,5040,720,4,,0,100,,5041,720,4,,0,302,,5047,450,4,,0,200,,5043,450,4,,0,200,,5044,450,4,,0
2100,'TM-A26-TM_GTFS-Fête-2-01',644,,6163,400,4,,0,95,,6162,620,4,,0,100,,6164,620,4,,0,100,,6165,620,4,,0
2100,'TM-A26-TM_GTFS-Semaine-01',644,,6167,400,4,,0,95,,6166,620,4,,0,100,,6168,620,4,,0,100,,6169,620,4,,0
2101,'TM-A26-TM_GTFS-Fête-2-01',1647,,6172,620,4,,0,98,,6171,620,4,,0,100,,6170,620,4,,0
2101,'TM-A26-TM_GTFS-Semaine-01',1647,,6175,620,4,,0,98,,6174,620,4,,0,100,,6173,620,4,,0
2301,'TM-A26-TM_GTFS-Fête-2-01',812,,6197,210,4,,0,102,,6200,210,4,,0,801,,6198,210,4,,0,131,,6199,210,4,,0
2301,'TM-A26-TM_GTFS-Semaine-01',812,,6201,210,4,,0,102,,6204,210,4,,0,396,,6206,210,4,,0,200,,6205,210,4,,0,205,,6202,210,4,,0,131,,6203,210,4,,0
2701,'TM-A26-TM_GTFS-Semaine-01',610,,6280,270,4,,0,98,,6283,270,4,,0,100,,6284,270,4,,0,100,,6285,360,4,,0,734,,6281,360,4,,0,101,,6282,360,4,,0,98,,6286,360,4,,0
3001,'TM-A26-TM_GTFS-Fête-2-01',626,2,6367,50,,,0,23,,6376,50,4,,0,73,2,6377,50,,,0,94,2,6369,50,,,0,28,,6368,50,4,,0,99,,6366,50,4,,0,595,2,6389,80,,,0,64,2,6384,80,,,0,21,2,6379,80,,,0,20,2,6390,80,,,0,60,2,6385,80,,,0,20,2,6388,80,,,0,20,2,6378,80,,,0,59,2,6387,80,,,0,16,2,6382,80,,,0,25,2,6380,80,,,0,69,2,6370,80,,,0
3001,'TM-A26-TM_GTFS-Semaine-01',626,2,6393,50,,,0,23,,6403,50,4,,0,62,2,6429,50,,,0,11,2,6405,50,,,0,7,,6392,50,4,,0,87,2,6395,50,,,0,28,,6394,50,4,,0,99,,6391,50,4,,0,595,2,6426,80,,,0,13,2,6410,80,,,0,51,2,6420,80,,,0,11,2,6414,80,,,0,10,2,6411,80,,,0,10,2,6422,80,,,0,8,,6408,50,4,,0,2,2,6427,80,,,0,10,2,6406,80,,,0,50,2,6421,80,,,0,10,2,6404,80,,,0,10,2,6425,80,,,0,10,2,6419,80,,,0,10,2,6407,80,,,0,9,2,6428,80,,,0,50,2,6424,80,,,0,10,2,6412,80,,,0,6,2,6417,80,,,0,10,2,6415,80,,,0,15,2,6413,80,,,0,15,2,6396,80,,,0,54,2,6397,80,,,0
4500,'TM-A26-TM_GTFS-Fête-2-01',1544,,6447,400,4,,0,103,,6446,400,4,,0,97,,6448,400,4,,0
4500,'TM-A26-TM_GTFS-Semaine-01',1544,,6450,400,4,,0,103,,6449,400,4,,0,97,,6451,400,4,,0
