1101,'TM-A26-TM_GTFS-Fête-1-01',557,,5179,50,,,0,100,,5169,50,,,0,100,,5180,50,,,0,100,,5170,50,,,0,100,,5171,50,,,0,100,,5181,50,,,0,100,,5172,50,,,0,100,,5182,50,,,0,100,,5173,50,,,0,100,,5183,50,,,0,100,,5174,50,,,0,100,,5184,50,,,0,100,,5175,50,,,0,100,,5185,50,,,0,100,,5176,50,,,0,100,,5186,50,,,0,100,,5177,50,,,0,100,,5187,50,,,0,100,,5178,50,,,0
1101,'TM-A26-TM_GTFS-Fête-2-01',554,,5193,50,,,0,70,,5188,50,,,0,30,,5208,50,,,0,70,,5198,50,,,0,30,,5201,50,,,0,100,,5209,50,,,0,97,,5202,50,,,0,102,,5205,50,,,0,100,,5203,50,,,0,100,,5206,50,,,0,100,,5204,50,,,0,97,,5207,50,,,0,70,,5199,50,,,0,34,,5213,50,,,0,70,,5194,50,,,0,32,,5196,50,,,0,69,,5200,50,,,0,30,,5189,50,,,0,69,,5195,50,,,0,32,,5210,50,,,0,103,,5190,50,,,0,99,,5211,50,,,0,101,,5191,50,,,0,99,,5212,50,,,0,101,,5192,50,,,0
1101,'TM-A26-TM_GTFS-Semaine-01',554,,5219,50,,,0,70,,5214,50,,,0,30,,5234,50,,,0,70,,5224,50,,,0,30,,5227,50,,,0,100,,5235,50,,,0,97,,5228,50,,,0,102,,5231,50,,,0,100,,5229,50,,,0,100,,5232,50,,,0,100,,5230,50,,,0,97,,5233,50,,,0,70,,5225,50,,,0,34,,5239,50,,,0,70,,5220,50,,,0,32,,5222,50,,,0,69,,5226,50,,,0,30,,5215,50,,,0,69,,5221,50,,,0,32,,5236,50,,,0,103,,5216,50,,,0,99,,5237,50,,,0,101,,5217,50,,,0,99,,5238,50,,,0,101,,5218,50,,,0
1101,'TM-A26-TM_GTFS-Week-end-01',557,,5250,50,,,0,100,,5240,50,,,0,100,,5251,50,,,0,100,,5241,50,,,0,100,,5242,50,,,0,100,,5252,50,,,0,100,,5243,50,,,0,100,,5253,50,,,0,100,,5244,50,,,0,100,,5254,50,,,0,100,,5245,50,,,0,100,,5255,50,,,0,100,,5246,50,,,0,100,,5256,50,,,0,100,,5247,50,,,0,100,,5257,50,,,0,100,,5248,50,,,0,100,,5258,50,,,0,100,,5249,50,,,0
4000,'TM-A26-TM_GTFS-Fête-1-01',716,,6434,120,,,0,396,,6435,120,,,0,500,,6436,120,,,0
4000,'TM-A26-TM_GTFS-Week-end-01',716,,6437,120,,,0,396,,6438,120,,,0,500,,6439,120,,,0
4001,'TM-A26-TM_GTFS-Fête-1-01',807,,6440,70,,,0,401,,6441,70,,,0,499,,6442,70,,,0
4001,'TM-A26-TM_GTFS-Week-end-01',807,,6443,70,,,0,401,,6444,70,,,0,499,,6445,70,,,0
14000,'TM-A26-TM_GTFS-Fête-2-01',519,,6462,120,,,0,40,,6454,120,,,0,60,,6456,120,,,0,20,,6465,120,,,0,20,,6452,120,,,0,60,,6461,120,,,0,25,,6463,120,,,0,71,,6460,120,,,0,389,,6464,120,,,0,108,,6458,120,,,0,219,,6457,120,,,0,189,,6455,120,,,0,135,,6459,120,,,0,293,,6453,120,,,0
14000,'TM-A26-TM_GTFS-Semaine-01',519,,6476,120,,,0,40,,6468,120,,,0,60,,6470,120,,,0,20,,6479,120,,,0,20,,6466,120,,,0,60,,6475,120,,,0,25,,6477,120,,,0,71,,6474,120,,,0,389,,6478,120,,,0,108,,6472,120,,,0,219,,6471,120,,,0,189,,6469,120,,,0,135,,6473,120,,,0,293,,6467,120,,,0
14001,'TM-A26-TM_GTFS-Fête-2-01',637,,6491,70,,,0,106,,6486,70,,,0,97,,6490,70,,,0,470,,6488,70,,,0,208,,6483,70,,,0,97,,6487,70,,,0,42,,6485,70,,,0,67,,6489,70,,,0,30,,6492,70,,,0,80,,6480,70,,,0,70,,6484,70,,,0,97,,6481,70,,,0,252,,6482,70,,,0
14001,'TM-A26-TM_GTFS-Semaine-01',637,,6504,70,,,0,106,,6499,70,,,0,97,,6503,70,,,0,470,,6501,70,,,0,208,,6496,70,,,0,97,,6500,70,,,0,42,,6498,70,,,0,67,,6502,70,,,0,30,,6505,70,,,0,80,,6493,70,,,0,70,,6497,70,,,0,97,,6494,70,,,0,252,,6495,70,,,0
3001100,'TM-A26-TM_GTFS-Semaine-01',707,,6710,40,,,0
2000001201,'TM-A26-TM_GTFS-Fête-2-01',805,,6745,50,,,0,100,,6746,50,,,0,315,,6747,50,,,0
2000001201,'TM-A26-TM_GTFS-Semaine-01',805,,6748,50,,,0,100,,6749,50,,,0,315,,6750,50,,,0
