100,'TM-A26-TM_GTFS-Fête-1-01',657,,4704,110,,,0,100,,4705,110,,,0,100,,4706,110,,,0,100,,4707,110,,,0,100,,4708,110,,,0,100,,4709,110,,,0,100,,4710,110,,,0,100,,4711,110,,,0,100,,4712,110,,,0,100,,4713,110,,,0,100,,4714,110,,,0,100,,4715,110,,,0,100,,4716,110,,,0,100,,4717,110,,,0,100,,4718,110,,,0,100,,4719,110,,,0,100,,4720,110,,,0,100,,4721,110,,,0,100,,4722,110,0,13 3 14,0
100,'TM-A26-TM_GTFS-Fête-2-01',527,,4723,110,,,0,30,,4751,110,,,0,70,,4749,110,,,0,30,,4741,110,,,0,70,,4750,110,,,0,30,,4729,110,,,0,70,,4746,110,,,0,30,,4730,110,,,0,100,,4731,110,,,0,100,,4732,110,,,0,100,,4733,110,,,0,100,,4734,110,,,0,100,,4735,110,,,0,100,,4736,110,,,0,70,,4747,110,,,0,30,,4737,110,,,0,70,,4748,110,,,0,30,,4739,110,,,0,70,,4727,110,,,0,30,,4738,110,,,0,70,,4726,110,,,0,30,,4740,110,,,0,70,,4728,110,,,0,30,,4742,110,,,0,100,,4752,110,,,0,100,,4753,110,,,0,100,,4743,110,,,0,100,,4744,110,,,0,100,,4745,110,0,13 3 14,0
100,'TM-A26-TM_GTFS-Semaine-01',527,,4754,110,,,0,30,,4782,110,,,0,70,,4780,110,,,0,30,,4772,110,,,0,70,,4781,110,,,0,30,,4760,110,,,0,70,,4777,110,,,0,30,,4761,110,,,0,100,,4762,110,,,0,100,,4763,110,,,0,100,,4764,110,,,0,100,,4765,110,,,0,100,,4766,110,,,0,100,,4767,110,,,0,70,,4778,110,,,0,30,,4768,110,,,0,70,,4779,110,,,0,30,,4770,110,,,0,70,,4758,110,,,0,30,,4769,110,,,0,70,,4757,110,,,0,30,,4771,110,,,0,70,,4759,110,,,0,30,,4773,110,,,0,100,,4783,110,,,0,100,,4784,110,,,0,100,,4774,110,,,0,100,,4775,110,,,0,100,,4776,110,0,13 3 14,0
100,'TM-A26-TM_GTFS-Week-end-01',657,,4786,110,,,0,100,,4787,110,,,0,100,,4788,110,,,0,100,,4789,110,,,0,100,,4790,110,,,0,100,,4791,110,,,0,100,,4792,110,,,0,100,,4793,110,,,0,100,,4794,110,,,0,100,,4795,110,,,0,100,,4796,110,,,0,100,,4797,110,,,0,100,,4798,110,,,0,100,,4799,110,,,0,100,,4800,110,,,0,100,,4801,110,,,0,100,,4802,110,,,0,100,,4803,110,,,0,100,,4804,110,0,13 3 14,0
800,'TM-A26-TM_GTFS-Fête-1-01',614,,4951,60,,,0,97,,4952,360,,,0,100,,4953,360,,,0,100,,4954,360,,,0,101,,4955,360,,,0,100,,4956,360,,,0,100,,4957,360,,,0,100,,4958,360,,,0,100,,4959,360,,,0,100,,4960,360,,,0,100,,4961,360,,,0,100,,4962,360,,,0,100,,4963,360,,,0,100,,4964,360,,,0,100,,4965,360,,,0,100,,4966,360,,,0,100,,4967,360,,,0,100,,4968,360,,,0,100,,4969,360,,,0,98,,4970,360,0,16,0
800,'TM-A26-TM_GTFS-Fête-2-01',612,,4982,360,,,0,102,,4977,360,,,0,100,,4973,360,,,0,99,,4974,360,,,0,100,,4980,360,,,0,100,,4981,360,,,0,100,,4971,360,,,0,100,,4972,360,,,0,100,,4978,360,,,0,102,,4983,360,,,0,100,,4979,360,,,0,100,,4975,360,,,0,97,,4976,360,,,0,100,,4984,360,,,0,100,,4985,360,,,0,100,,4986,360,,,0,100,,4987,360,,,0,100,,4988,360,,,0,99,,4989,360,,,0,98,,4990,360,0,16,0
800,'TM-A26-TM_GTFS-Semaine-01',612,,5002,360,,,0,102,,4997,360,,,0,100,,4993,360,,,0,99,,4994,360,,,0,100,,5000,360,,,0,100,,5001,360,,,0,100,,4991,360,,,0,100,,4992,360,,,0,100,,4998,360,,,0,102,,5003,360,,,0,100,,4999,360,,,0,100,,4995,360,,,0,97,,4996,360,,,0,100,,5004,360,,,0,100,,5005,360,,,0,100,,5006,360,,,0,100,,5007,360,,,0,100,,5008,360,,,0,99,,5009,360,,,0,98,,5010,360,0,16,0
800,'TM-A26-TM_GTFS-Week-end-01',614,,5011,60,,,0,97,,5012,360,,,0,100,,5013,360,,,0,100,,5014,360,,,0,101,,5015,360,,,0,100,,5016,360,,,0,100,,5017,360,,,0,100,,5018,360,,,0,100,,5019,360,,,0,100,,5020,360,,,0,100,,5021,360,,,0,100,,5022,360,,,0,100,,5023,360,,,0,100,,5024,360,,,0,100,,5025,360,,,0,100,,5026,360,,,0,100,,5027,360,,,0,100,,5028,360,,,0,100,,5029,360,,,0,98,,5030,360,0,16,0
1800,'TM-A26-TM_GTFS-Fête-1-01',657,,5604,110,,,0,100,,5605,110,,,0,100,,5606,110,,,0,400,,5607,110,,,0,200,,5601,110,,,0,100,,5602,110,,,0,100,,5603,110,,,0,300,,5608,110,,,0
1800,'TM-A26-TM_GTFS-Fête-2-01',627,,5618,110,,,0,100,,5610,110,,,0,30,,5614,110,,,0,70,,5611,110,,,0,130,,5615,110,,,0,200,,5616,110,,,0,200,,5617,110,,,0,170,,5612,110,,,0,100,,5621,110,,,0,100,,5622,110,,,0,130,,5620,110,,,0,200,,5613,110,,,0
1800,'TM-A26-TM_GTFS-Semaine-01',627,,5632,110,,,0,100,,5624,110,,,0,30,,5628,110,,,0,70,,5625,110,,,0,130,,5629,110,,,0,200,,5630,110,,,0,200,,5631,110,,,0,170,,5626,110,,,0,100,,5635,110,,,0,100,,5636,110,,,0,130,,5634,110,,,0,200,,5627,110,,,0
1800,'TM-A26-TM_GTFS-Week-end-01',657,,5640,110,,,0,100,,5641,110,,,0,100,,5642,110,,,0,400,,5643,110,,,0,200,,5637,110,,,0,100,,5638,110,,,0,100,,5639,110,,,0,300,,5644,110,,,0
