1100,'TM-A26-TM_GTFS-Fête-1-01',630,,5071,570,,,0,100,,5081,570,,,0,101,,5072,570,,,0,101,,5073,570,,,0,100,,5082,570,,,0,101,,5074,570,,,0,100,,5083,570,,,0,100,,5075,570,,,0,100,,5084,570,,,0,100,,5076,570,,,0,100,,5085,570,,,0,100,,5077,570,,,0,99,,5086,570,,,0,100,,5078,570,,,0,100,,5087,570,,,0,98,,5079,570,,,0,100,,5088,570,,,0,100,,5080,570,,,0,100,,5089,570,,,0,100,,5090,570,,,0
1100,'TM-A26-TM_GTFS-Fête-2-01',600,,5091,570,,,0,30,,5113,570,,,0,70,,5102,570,,,0,30,,5098,570,,,0,70,,5092,570,,,0,30,,5114,570,,,0,70,,5103,570,,,0,31,,5106,570,,,0,102,,5110,570,,,0,100,,5107,570,,,0,100,,5111,570,,,0,100,,5108,570,,,0,101,,5112,570,,,0,100,,5119,570,,,0,70,,5099,570,,,0,31,,5101,570,,,0,68,,5104,570,,,0,30,,5093,570,,,0,70,,5100,570,,,0,30,,5115,570,,,0,70,,5105,570,,,0,29,,5094,570,,,0,69,,5109,570,,,0,30,,5116,570,,,0,100,,5095,570,,,0,100,,5117,570,,,0,100,,5096,570,,,0,100,,5118,570,,,0,100,,5097,570,,,0
1100,'TM-A26-TM_GTFS-Semaine-01',600,,5120,570,,,0,30,,5142,570,,,0,70,,5131,570,,,0,30,,5127,570,,,0,70,,5121,570,,,0,30,,5143,570,,,0,70,,5132,570,,,0,31,,5135,570,,,0,102,,5139,570,,,0,100,,5136,570,,,0,100,,5140,570,,,0,100,,5137,570,,,0,101,,5141,570,,,0,100,,5148,570,,,0,70,,5128,570,,,0,31,,5130,570,,,0,68,,5133,570,,,0,30,,5122,570,,,0,70,,5129,570,,,0,30,,5144,570,,,0,70,,5134,570,,,0,29,,5123,570,,,0,69,,5138,570,,,0,30,,5145,570,,,0,100,,5124,570,,,0,100,,5146,570,,,0,100,,5125,570,,,0,100,,5147,570,,,0,100,,5126,570,,,0
1100,'TM-A26-TM_GTFS-Week-end-01',630,,5149,570,,,0,100,,5159,570,,,0,101,,5150,570,,,0,101,,5151,570,,,0,100,,5160,570,,,0,101,,5152,570,,,0,100,,5161,570,,,0,100,,5153,570,,,0,100,,5162,570,,,0,100,,5154,570,,,0,100,,5163,570,,,0,100,,5155,570,,,0,99,,5164,570,,,0,100,,5156,570,,,0,100,,5165,570,,,0,98,,5157,570,,,0,100,,5166,570,,,0,100,,5158,570,,,0,100,,5167,570,,,0,100,,5168,570,,,0
1101,'TM-A26-TM_GTFS-Fête-1-01',605,,5179,120,,,0,100,,5169,120,,,0,100,,5180,120,,,0,101,,5170,120,,,0,100,,5171,120,,,0,100,,5181,120,,,0,100,,5172,120,,,0,100,,5182,120,,,0,100,,5173,120,,,0,100,,5183,120,,,0,100,,5174,120,,,0,100,,5184,120,,,0,100,,5175,120,,,0,100,,5185,120,,,0,100,,5176,120,,,0,99,,5186,120,,,0,100,,5177,120,,,0,100,,5187,120,,,0,100,,5178,120,,,0
1101,'TM-A26-TM_GTFS-Fête-2-01',534,,5197,10,,,0,70,,5193,120,,,0,30,,5188,120,,,0,70,,5208,120,,,0,30,,5198,120,,,0,70,,5201,120,,,0,100,,5209,120,,,0,97,,5202,120,,,0,102,,5205,120,,,0,100,,5203,120,,,0,100,,5206,120,,,0,100,,5204,120,,,0,97,,5207,120,,,0,30,,5199,120,,,0,73,,5213,120,,,0,30,,5194,120,,,0,72,,5196,120,,,0,29,,5200,120,,,0,70,,5189,120,,,0,29,,5195,120,,,0,72,,5210,120,,,0,103,,5190,120,,,0,99,,5211,120,,,0,101,,5191,120,,,0,99,,5212,120,,,0,101,,5192,120,,,0
1101,'TM-A26-TM_GTFS-Semaine-01',534,,5223,10,,,0,70,,5219,120,,,0,30,,5214,120,,,0,70,,5234,120,,,0,30,,5224,120,,,0,70,,5227,120,,,0,100,,5235,120,,,0,97,,5228,120,,,0,102,,5231,120,,,0,100,,5229,120,,,0,100,,5232,120,,,0,100,,5230,120,,,0,97,,5233,120,,,0,30,,5225,120,,,0,73,,5239,120,,,0,30,,5220,120,,,0,72,,5222,120,,,0,29,,5226,120,,,0,70,,5215,120,,,0,29,,5221,120,,,0,72,,5236,120,,,0,103,,5216,120,,,0,99,,5237,120,,,0,101,,5217,120,,,0,99,,5238,120,,,0,101,,5218,120,,,0
1101,'TM-A26-TM_GTFS-Week-end-01',605,,5250,120,,,0,100,,5240,120,,,0,100,,5251,120,,,0,101,,5241,120,,,0,100,,5242,120,,,0,100,,5252,120,,,0,100,,5243,120,,,0,100,,5253,120,,,0,100,,5244,120,,,0,100,,5254,120,,,0,100,,5245,120,,,0,100,,5255,120,,,0,100,,5246,120,,,0,100,,5256,120,,,0,100,,5247,120,,,0,99,,5257,120,,,0,100,,5248,120,,,0,100,,5258,120,,,0,100,,5249,120,,,0
4000,'TM-A26-TM_GTFS-Fête-1-01',728,,6434,290,,,0,397,,6435,290,,,0,500,,6436,290,,,0
4000,'TM-A26-TM_GTFS-Week-end-01',728,,6437,290,,,0,397,,6438,290,,,0,500,,6439,290,,,0
4001,'TM-A26-TM_GTFS-Fête-1-01',814,,6440,140,,,0,402,,6441,140,,,0,498,,6442,140,,,0
4001,'TM-A26-TM_GTFS-Week-end-01',814,,6443,140,,,0,402,,6444,140,,,0,498,,6445,140,,,0
14001,'TM-A26-TM_GTFS-Fête-2-01',655,,6491,250,,,0,146,,6486,250,,,0,57,,6490,250,,,0,470,,6488,250,,,0,208,,6483,250,,,0,101,,6487,250,,,0,78,,6485,250,,,0,27,,6489,250,,,0,70,,6492,250,,,0,40,,6480,250,,,0,70,,6484,250,,,0,96,,6481,250,,,0,292,,6482,250,,,0
14001,'TM-A26-TM_GTFS-Semaine-01',655,,6504,250,,,0,146,,6499,250,,,0,57,,6503,250,,,0,470,,6501,250,,,0,208,,6496,250,,,0,101,,6500,250,,,0,78,,6498,250,,,0,27,,6502,250,,,0,70,,6505,250,,,0,40,,6493,250,,,0,70,,6497,250,,,0,96,,6494,250,,,0,292,,6495,250,,,0
3001101,'TM-A26-TM_GTFS-Semaine-01',1652,,6711,40,,,0,100,,6712,40,,,0
2000001200,'TM-A26-TM_GTFS-Fête-2-01',1230,,6739,20,,,0,390,,6740,20,,,0,215,,6741,20,,,0
2000001200,'TM-A26-TM_GTFS-Semaine-01',1230,,6742,20,,,0,390,,6743,20,,,0,215,,6744,20,,,0
