300,'TM-A26-TM_GTFS-Fête-1-01',614,,4867,230,,,0,199,,4868,350,,,0,206,,4869,350,,,0,200,,4870,350,,,0,200,,4871,350,,,0,198,,4872,350,,,0,198,,4873,350,,,0,199,,4874,350,,,0,200,,4875,350,,,0,199,,4876,350,,,0
300,'TM-A26-TM_GTFS-Fête-2-01',519,,4878,230,,,0,96,,4879,350,,,0,30,,4895,350,,,0,71,,4889,350,,,0,30,,4894,350,,,0,71,,4888,350,,,0,100,,4883,350,,,0,201,,4884,350,,,0,200,,4885,350,,,0,130,,4887,350,,,0,105,,4886,350,,,0,97,,4892,350,,,0,68,,4891,350,,,0,30,,4893,350,,,0,70,,4890,350,,,0,97,,4877,350,,,0,128,,4880,350,,,0,100,,4881,350,,,0,269,,4882,350,,,0
300,'TM-A26-TM_GTFS-Semaine-01',519,,4897,230,,,0,96,,4898,350,,,0,30,,4914,350,,,0,71,,4908,350,,,0,30,,4913,350,,,0,71,,4907,350,,,0,100,,4902,350,,,0,201,,4903,350,,,0,200,,4904,350,,,0,130,,4906,350,,,0,105,,4905,350,,,0,97,,4911,350,,,0,68,,4910,350,,,0,30,,4912,350,,,0,70,,4909,350,,,0,97,,4896,350,,,0,128,,4899,350,,,0,100,,4900,350,,,0,269,,4901,350,,,0
300,'TM-A26-TM_GTFS-Week-end-01',614,,4915,230,,,0,199,,4916,350,,,0,206,,4917,350,,,0,200,,4918,350,,,0,200,,4919,350,,,0,198,,4920,350,,,0,198,,4921,350,,,0,199,,4922,350,,,0,200,,4923,350,,,0,199,,4924,350,,,0
2001,'TM-A26-TM_GTFS-Fête-1-01',624,,6078,120,,,0,100,,6079,120,,,0,101,,6080,120,,,0,100,,6081,120,,,0,100,,6072,120,,,0,101,,6073,120,,,0,100,,6082,120,,,0,101,,6083,120,,,0,100,,6084,120,,,0,99,,6074,120,,,0,100,,6075,120,,,0,100,,6076,120,,,0,100,,6077,120,,,0,100,,6085,120,,,0,100,,6086,120,,,0,100,,6087,120,,,0,99,,6088,120,,,0,100,,6089,120,,,0,100,,6090,120,,,0
2001,'TM-A26-TM_GTFS-Fête-2-01',526,,6095,120,,,0,99,,6096,120,,,0,30,,6092,120,,,0,70,,6097,120,,,0,32,,6116,120,,,0,70,,6098,120,,,0,30,,6114,120,,,0,70,,6099,120,,,0,100,,6100,120,,,0,100,,6091,120,,,0,100,,6101,120,,,0,100,,6108,120,,,0,98,,6109,120,,,0,99,,6110,120,,,0,100,,6111,120,,,0,25,,6112,120,,,0,71,,6093,120,,,0,30,,6113,120,,,0,70,,6102,120,,,0,31,,6115,120,,,0,70,,6094,120,,,0,105,,6103,120,,,0,99,,6104,120,,,0,100,,6105,120,,,0,100,,6106,120,,,0,100,,6107,120,,,0
2001,'TM-A26-TM_GTFS-Semaine-01',526,,6121,120,,,0,99,,6122,120,,,0,30,,6118,120,,,0,70,,6123,120,,,0,32,,6142,120,,,0,70,,6124,120,,,0,30,,6140,120,,,0,70,,6125,120,,,0,100,,6126,120,,,0,100,,6117,120,,,0,100,,6127,120,,,0,100,,6134,120,,,0,98,,6135,120,,,0,99,,6136,120,,,0,100,,6137,120,,,0,25,,6138,120,,,0,71,,6119,120,,,0,30,,6139,120,,,0,70,,6128,120,,,0,31,,6141,120,,,0,70,,6120,120,,,0,105,,6129,120,,,0,99,,6130,120,,,0,100,,6131,120,,,0,100,,6132,120,,,0,100,,6133,120,,,0
2001,'TM-A26-TM_GTFS-Week-end-01',624,,6149,120,,,0,100,,6150,120,,,0,101,,6151,120,,,0,100,,6152,120,,,0,100,,6143,120,,,0,101,,6144,120,,,0,100,,6153,120,,,0,101,,6154,120,,,0,100,,6155,120,,,0,99,,6145,120,,,0,100,,6146,120,,,0,100,,6147,120,,,0,100,,6148,120,,,0,100,,6156,120,,,0,100,,6157,120,,,0,100,,6158,120,,,0,99,,6159,120,,,0,100,,6160,120,,,0,100,,6161,120,,,0
2101,'TM-A26-TM_GTFS-Fête-2-01',1626,,6172,440,0,5,0,100,,6171,440,0,5,0,100,,6170,440,0,5,0
2101,'TM-A26-TM_GTFS-Semaine-01',1626,,6175,440,0,5,0,100,,6174,440,0,5,0,100,,6173,440,0,5,0
