200,'TM-A26-TM_GTFS-Fête-1-01',654,,4805,20,,,0,200,,4806,20,,,0,200,,4807,20,,,0,200,,4808,20,,,0,200,,4809,20,,,0,200,,4810,20,,,0,200,,4811,20,,,0,200,,4812,20,,,0,200,,4813,20,,,0,200,,4814,20,0,12,0
200,'TM-A26-TM_GTFS-Fête-2-01',554,,4833,20,,,0,70,,4827,20,,,0,30,,4834,20,,,0,70,,4828,20,,,0,30,,4835,20,,,0,70,,4829,20,,,0,130,,4823,20,,,0,200,,4824,20,,,0,200,,4825,20,0,8 7,0,100,,4822,20,,,0,100,,4831,20,,,0,70,,4830,20,,,0,30,,4832,20,,,0,70,,4826,20,,,0,100,,4815,20,,,0,130,,4821,20,,,0,100,,4818,20,,,0,100,,4817,20,,,0,100,,4819,20,,,0,200,,4820,20,0,12,0
200,'TM-A26-TM_GTFS-Semaine-01',554,,4854,20,,,0,70,,4848,20,,,0,30,,4855,20,,,0,70,,4849,20,,,0,30,,4856,20,,,0,70,,4850,20,,,0,130,,4844,20,,,0,200,,4845,20,,,0,200,,4846,20,0,8 7,0,100,,4843,20,,,0,100,,4852,20,,,0,70,,4851,20,,,0,30,,4853,20,,,0,70,,4847,20,,,0,100,,4836,20,,,0,130,,4842,20,,,0,100,,4839,20,,,0,100,,4838,20,,,0,100,,4840,20,,,0,200,,4841,20,0,12,0
200,'TM-A26-TM_GTFS-Week-end-01',654,,4857,20,,,0,200,,4858,20,,,0,200,,4859,20,,,0,200,,4860,20,,,0,200,,4861,20,,,0,200,,4862,20,,,0,200,,4863,20,,,0,200,,4864,20,,,0,200,,4865,20,,,0,200,,4866,20,0,12,0
400,'TM-A26-TM_GTFS-Fête-2-01',1636,,4929,20,,,0,93,,4925,20,,,0,100,,4926,20,,,0,295,,4927,20,,,0,235,,4928,20,,,0
400,'TM-A26-TM_GTFS-Semaine-01',1636,,4934,20,,,0,93,,4930,20,,,0,100,,4931,20,,,0,295,,4932,20,,,0,235,,4933,20,,,0
401,'TM-A26-TM_GTFS-Fête-2-01',544,,4936,100,,,0,100,,4938,100,,,0,100,,4937,100,,,0,101,,4935,100,,,0,1074,,4939,100,,,0
401,'TM-A26-TM_GTFS-Semaine-01',544,,4941,100,,,0,100,,4943,100,,,0,100,,4942,100,,,0,101,,4940,100,,,0,1074,,4944,100,,,0
800,'TM-A26-TM_GTFS-Fête-1-01',624,,4951,250,,,0,99,,4952,550,,,0,100,,4953,550,,,0,100,,4954,550,,,0,101,,4955,550,,,0,100,,4956,550,,,0,100,,4957,550,,,0,100,,4958,550,,,0,100,,4959,550,,,0,100,,4960,550,,,0,100,,4961,550,,,0,100,,4962,550,,,0,99,,4963,550,,,0,100,,4964,550,,,0,100,,4965,550,,,0,100,,4966,550,,,0,100,,4967,550,,,0,100,,4968,550,,,0,100,,4969,550,,,0
800,'TM-A26-TM_GTFS-Fête-2-01',624,,4982,550,,,0,102,,4977,550,,,0,100,,4973,550,,,0,99,,4974,550,,,0,100,,4980,550,,,0,100,,4981,550,,,0,100,,4971,550,,,0,100,,4972,550,,,0,100,,4978,550,,,0,102,,4983,550,,,0,100,,4979,550,,,0,100,,4975,550,,,0,97,,4976,550,,,0,100,,4984,550,,,0,100,,4985,550,,,0,100,,4986,550,,,0,100,,4987,550,,,0,100,,4988,550,,,0,99,,4989,550,,,0
800,'TM-A26-TM_GTFS-Semaine-01',624,,5002,550,,,0,102,,4997,550,,,0,100,,4993,550,,,0,99,,4994,550,,,0,100,,5000,550,,,0,100,,5001,550,,,0,100,,4991,550,,,0,100,,4992,550,,,0,100,,4998,550,,,0,102,,5003,550,,,0,100,,4999,550,,,0,100,,4995,550,,,0,97,,4996,550,,,0,100,,5004,550,,,0,100,,5005,550,,,0,100,,5006,550,,,0,100,,5007,550,,,0,100,,5008,550,,,0,99,,5009,550,,,0
800,'TM-A26-TM_GTFS-Week-end-01',624,,5011,250,,,0,99,,5012,550,,,0,100,,5013,550,,,0,100,,5014,550,,,0,101,,5015,550,,,0,100,,5016,550,,,0,100,,5017,550,,,0,100,,5018,550,,,0,100,,5019,550,,,0,100,,5020,550,,,0,100,,5021,550,,,0,100,,5022,550,,,0,99,,5023,550,,,0,100,,5024,550,,,0,100,,5025,550,,,0,100,,5026,550,,,0,100,,5027,550,,,0,100,,5028,550,,,0,100,,5029,550,,,0
1100,'TM-A26-TM_GTFS-Fête-1-01',553,,5071,20,,,0,100,,5081,20,,,0,100,,5072,20,,,0,100,,5073,20,,,0,100,,5082,20,,,0,101,,5074,20,,,0,100,,5083,20,,,0,100,,5075,20,,,0,100,,5084,20,,,0,100,,5076,20,,,0,100,,5085,20,,,0,100,,5077,20,,,0,100,,5086,20,,,0,100,,5078,20,,,0,100,,5087,20,,,0,100,,5079,20,,,0,100,,5088,20,,,0,100,,5080,20,,,0,100,,5089,20,,,0,100,,5090,20,,,0
1100,'TM-A26-TM_GTFS-Fête-2-01',523,,5091,20,,,0,30,,5113,20,,,0,70,,5102,20,,,0,30,,5098,20,,,0,70,,5092,20,,,0,30,,5114,20,,,0,70,,5103,20,,,0,30,,5106,20,,,0,100,,5110,20,,,0,100,,5107,20,,,0,100,,5111,20,,,0,100,,5108,20,,,0,101,,5112,20,,,0,100,,5119,20,,,0,70,,5099,20,,,0,30,,5101,20,,,0,70,,5104,20,,,0,30,,5093,20,,,0,70,,5100,20,,,0,30,,5115,20,,,0,70,,5105,20,,,0,30,,5094,20,,,0,69,,5109,20,,,0,30,,5116,20,,,0,100,,5095,20,,,0,100,,5117,20,,,0,100,,5096,20,,,0,100,,5118,20,,,0,100,,5097,20,,,0
1100,'TM-A26-TM_GTFS-Semaine-01',523,,5120,20,,,0,30,,5142,20,,,0,70,,5131,20,,,0,30,,5127,20,,,0,70,,5121,20,,,0,30,,5143,20,,,0,70,,5132,20,,,0,30,,5135,20,,,0,100,,5139,20,,,0,100,,5136,20,,,0,100,,5140,20,,,0,100,,5137,20,,,0,101,,5141,20,,,0,100,,5148,20,,,0,70,,5128,20,,,0,30,,5130,20,,,0,70,,5133,20,,,0,30,,5122,20,,,0,70,,5129,20,,,0,30,,5144,20,,,0,70,,5134,20,,,0,30,,5123,20,,,0,69,,5138,20,,,0,30,,5145,20,,,0,100,,5124,20,,,0,100,,5146,20,,,0,100,,5125,20,,,0,100,,5147,20,,,0,100,,5126,20,,,0
1100,'TM-A26-TM_GTFS-Week-end-01',553,,5149,20,,,0,100,,5159,20,,,0,100,,5150,20,,,0,100,,5151,20,,,0,100,,5160,20,,,0,101,,5152,20,,,0,100,,5161,20,,,0,100,,5153,20,,,0,100,,5162,20,,,0,100,,5154,20,,,0,100,,5163,20,,,0,100,,5155,20,,,0,100,,5164,20,,,0,100,,5156,20,,,0,100,,5165,20,,,0,100,,5157,20,,,0,100,,5166,20,,,0,100,,5158,20,,,0,100,,5167,20,,,0,100,,5168,20,,,0
2000,'TM-A26-TM_GTFS-Fête-1-01',654,,5991,20,,,0,100,,5992,20,,,0,100,,5993,20,,,0,100,,5982,20,,,0,100,,5983,20,,,0,100,,5984,20,,,0,100,,5985,20,,,0,100,,5986,20,,,0,100,,5987,20,,,0,100,,5988,20,,,0,100,,5989,20,,,0,100,,5990,20,,,0,100,,5994,20,,,0,100,,5995,20,,,0,100,,5996,20,,,0,100,,5997,20,,,0,100,,5998,20,,,0,100,,5999,20,,,0,100,,6000,20,,,0
2000,'TM-A26-TM_GTFS-Fête-2-01',554,,6007,20,,,0,70,,6002,20,,,0,30,,6008,20,,,0,70,,6026,20,,,0,30,,6009,20,,,0,70,,6024,20,,,0,30,,6010,20,,,0,100,,6011,20,,,0,100,,6012,20,,,0,100,,6013,20,,,0,100,,6017,20,,,0,100,,6001,20,,,0,100,,6016,20,,,0,100,,6003,20,,,0,70,,6005,20,,,0,30,,6004,20,,,0,70,,6023,20,,,0,30,,6014,20,,,0,70,,6025,20,,,0,30,,6006,20,,,0,100,,6015,20,,,0,100,,6018,20,,,0,100,,6019,20,,,0,100,,6020,20,,,0,100,,6021,20,,,0,100,,6022,20,,,0
2000,'TM-A26-TM_GTFS-Semaine-01',554,,6033,20,,,0,70,,6028,20,,,0,30,,6034,20,,,0,70,,6052,20,,,0,30,,6035,20,,,0,70,,6050,20,,,0,30,,6036,20,,,0,100,,6037,20,,,0,100,,6038,20,,,0,100,,6039,20,,,0,100,,6043,20,,,0,100,,6027,20,,,0,100,,6042,20,,,0,100,,6029,20,,,0,70,,6031,20,,,0,30,,6030,20,,,0,70,,6049,20,,,0,30,,6040,20,,,0,70,,6051,20,,,0,30,,6032,20,,,0,100,,6041,20,,,0,100,,6044,20,,,0,100,,6045,20,,,0,100,,6046,20,,,0,100,,6047,20,,,0,100,,6048,20,,,0
2000,'TM-A26-TM_GTFS-Week-end-01',654,,6062,20,,,0,100,,6063,20,,,0,100,,6064,20,,,0,100,,6053,20,,,0,100,,6054,20,,,0,100,,6055,20,,,0,100,,6056,20,,,0,100,,6057,20,,,0,100,,6058,20,,,0,100,,6059,20,,,0,100,,6060,20,,,0,100,,6061,20,,,0,100,,6065,20,,,0,100,,6066,20,,,0,100,,6067,20,,,0,100,,6068,20,,,0,100,,6069,20,,,0,100,,6070,20,,,0,100,,6071,20,,,0
2100,'TM-A26-TM_GTFS-Fête-2-01',653,,6162,20,0,5,0,100,,6164,20,0,5,0,100,,6165,20,0,5,0
2100,'TM-A26-TM_GTFS-Semaine-01',653,,6166,20,0,5,0,100,,6168,20,0,5,0,100,,6169,20,0,5,0
2101,'TM-A26-TM_GTFS-Fête-2-01',1554,,6172,20,0,5,0,100,,6171,20,0,5,0,100,,6170,20,0,5,0
2101,'TM-A26-TM_GTFS-Semaine-01',1554,,6175,20,0,5,0,100,,6174,20,0,5,0,100,,6173,20,0,5,0
2700,'TM-A26-TM_GTFS-Semaine-01',718,,6278,20,,,0,100,,6273,20,,,0,706,,6276,20,,,0,100,,6277,20,,,0,100,,6275,20,,,0,100,,6274,20,,,0,100,,6279,20,,,0
