1401,'TM-A26-TM_GTFS-Fête-1-01',756,,5360,80,,,0,103,,5357,80,,,0,141,,5371,80,,,0,100,,5367,80,,,0,100,,5365,80,,,0,100,,5368,80,,,0,101,,5366,80,,,0,99,,5369,80,,,0,100,,5372,80,,,0,100,,5370,80,,,0,100,,5355,80,,,0,59,,5358,80,,,0,100,,5356,80,,,0,100,,5361,80,,,0,97,,5364,80,,,0,103,,5362,80,,,0,99,,5359,80,,,0,100,,5363,80,,,0
1401,'TM-A26-TM_GTFS-Fête-2-01',629,,5380,80,,,0,30,,5388,80,,,0,70,,5399,80,,,0,30,,5381,80,,,0,70,,5389,80,,,0,30,,5379,80,,,0,70,,5382,80,,,0,30,,5390,80,,,0,70,,5383,80,,,0,100,,5392,80,,,0,101,,5394,80,,,0,100,,5393,80,,,0,101,,5373,80,,,0,101,,5378,80,,,0,100,,5374,80,,,0,70,,5395,80,,,0,30,,5384,80,,,0,70,,5375,80,,,0,29,,5396,80,,,0,70,,5385,80,,,0,29,,5376,80,,,0,100,,5397,80,,,0,100,,5377,80,,,0,99,,5386,80,,,0,99,,5391,80,,,0,100,,5387,80,,,0,100,,5398,80,,,0
1401,'TM-A26-TM_GTFS-Semaine-01',629,,5407,80,,,0,30,,5415,80,,,0,70,,5426,80,,,0,30,,5408,80,,,0,70,,5416,80,,,0,30,,5406,80,,,0,70,,5409,80,,,0,30,,5417,80,,,0,70,,5410,80,,,0,100,,5419,80,,,0,101,,5421,80,,,0,100,,5420,80,,,0,101,,5400,80,,,0,101,,5405,80,,,0,100,,5401,80,,,0,70,,5422,80,,,0,30,,5411,80,,,0,70,,5402,80,,,0,29,,5423,80,,,0,70,,5412,80,,,0,29,,5403,80,,,0,100,,5424,80,,,0,100,,5404,80,,,0,99,,5413,80,,,0,99,,5418,80,,,0,100,,5414,80,,,0,100,,5425,80,,,0
1401,'TM-A26-TM_GTFS-Week-end-01',756,,5432,80,,,0,103,,5429,80,,,0,141,,5443,80,,,0,100,,5439,80,,,0,100,,5437,80,,,0,100,,5440,80,,,0,101,,5438,80,,,0,99,,5441,80,,,0,100,,5444,80,,,0,100,,5442,80,,,0,100,,5427,80,,,0,59,,5430,80,,,0,100,,5428,80,,,0,100,,5433,80,,,0,97,,5436,80,,,0,103,,5434,80,,,0,99,,5431,80,,,0,100,,5435,80,,,0
1700,'TM-A26-TM_GTFS-Fête-1-01',658,,5445,80,,,0,100,,5455,80,,,0,100,,5446,80,,,0,101,,5456,80,,,0,100,,5447,80,,,0,141,,5457,80,,,0,100,,5448,80,,,0,100,,5458,80,,,0,100,,5449,80,,,0,100,,5459,80,,,0,100,,5450,80,,,0,100,,5460,80,,,0,59,,5451,80,,,0,100,,5461,80,,,0,100,,5452,80,,,0,100,,5462,80,,,0,99,,5453,80,,,0,100,,5463,80,,,0,100,,5454,80,,,0
1700,'TM-A26-TM_GTFS-Fête-2-01',558,,5468,80,,,0,101,,5476,80,,,0,100,,5469,80,,,0,100,,5477,80,,,0,141,,5470,80,,,0,100,,5464,80,,,0,100,,5471,80,,,0,100,,5478,80,,,0,101,,5472,80,,,0,100,,5479,80,,,0,101,,5473,80,,,0,100,,5465,80,,,0,99,,5474,80,,,0,99,,5466,80,,,0,59,,5475,80,,,0,100,,5467,80,,,0,100,,5481,80,,,0,99,,5483,80,,,0,100,,5482,80,,,0,99,,5480,80,,,0
1700,'TM-A26-TM_GTFS-Semaine-01',558,,5488,80,,,0,101,,5496,80,,,0,100,,5489,80,,,0,100,,5497,80,,,0,141,,5490,80,,,0,100,,5484,80,,,0,100,,5491,80,,,0,100,,5498,80,,,0,101,,5492,80,,,0,100,,5499,80,,,0,101,,5493,80,,,0,100,,5485,80,,,0,99,,5494,80,,,0,99,,5486,80,,,0,59,,5495,80,,,0,100,,5487,80,,,0,100,,5501,80,,,0,99,,5503,80,,,0,100,,5502,80,,,0,99,,5500,80,,,0
1700,'TM-A26-TM_GTFS-Week-end-01',658,,5504,80,,,0,100,,5514,80,,,0,100,,5505,80,,,0,101,,5515,80,,,0,100,,5506,80,,,0,141,,5516,80,,,0,100,,5507,80,,,0,100,,5517,80,,,0,100,,5508,80,,,0,100,,5518,80,,,0,100,,5509,80,,,0,100,,5519,80,,,0,59,,5510,80,,,0,100,,5520,80,,,0,100,,5511,80,,,0,100,,5521,80,,,0,99,,5512,80,,,0,100,,5522,80,,,0,100,,5513,80,,,0
1801,'TM-A26-TM_GTFS-Fête-2-01',603,,5647,170,0,6 7,0,100,,5648,170,0,6 7,0,53,,5656,170,0,6 7,0,147,,5649,170,0,6 7,0,200,,5650,170,0,6 7,0,200,,5651,170,0,6 7,0,200,,5652,170,0,6 7,0,102,,5646,170,0,6 7,0,100,,5654,170,0,6 7,0,99,,5653,170,0,6 7,0,199,,5645,170,0,6 7,0,200,,5655,170,0,6 7,0
1801,'TM-A26-TM_GTFS-Semaine-01',603,,5660,170,0,6 7,0,100,,5661,170,0,6 7,0,53,,5669,170,0,6 7,0,147,,5662,170,0,6 7,0,200,,5663,170,0,6 7,0,200,,5664,170,0,6 7,0,200,,5665,170,0,6 7,0,102,,5659,170,0,6 7,0,100,,5667,170,0,6 7,0,99,,5666,170,0,6 7,0,199,,5658,170,0,6 7,0,200,,5668,170,0,6 7,0
2300,'TM-A26-TM_GTFS-Fête-2-01',558,,6185,80,,,0,101,,6186,80,,,0,100,,6188,80,,,0,100,,6189,80,,,0,882,,6187,80,,,0
2300,'TM-A26-TM_GTFS-Semaine-01',558,,6190,80,,,0,101,,6191,80,,,0,100,,6193,80,,,0,100,,6196,80,,,0,300,,6195,80,,,0,200,,6194,80,,,0,382,,6192,80,,,0
