300,'TM-A26-TM_GTFS-Fête-1-01',630,,4867,480,,,0,201,,4868,600,,,0,207,,4869,600,,,0,200,,4870,600,,,0,200,,4871,600,,,0,197,,4872,600,,,0,197,,4873,600,,,0,199,,4874,600,,,0,200,,4875,600,,,0,198,,4876,600,,,0
300,'TM-A26-TM_GTFS-Fête-2-01',537,,4878,470,,,0,98,,4879,590,,,0,70,,4895,590,,,0,31,,4889,590,,,0,70,,4894,590,,,0,32,,4888,590,,,0,100,,4883,590,,,0,200,,4884,590,,,0,200,,4885,590,,,0,171,,4887,590,,,0,105,,4886,590,,,0,99,,4892,590,,,0,28,,4891,590,,,0,66,,4893,590,,,0,30,,4890,590,,,0,95,,4877,590,,,0,168,,4880,590,,,0,100,,4881,590,,,0,227,,4882,590,,,0
300,'TM-A26-TM_GTFS-Semaine-01',537,,4897,470,,,0,98,,4898,590,,,0,70,,4914,590,,,0,31,,4908,590,,,0,70,,4913,590,,,0,32,,4907,590,,,0,100,,4902,590,,,0,200,,4903,590,,,0,200,,4904,590,,,0,171,,4906,590,,,0,105,,4905,590,,,0,99,,4911,590,,,0,28,,4910,590,,,0,66,,4912,590,,,0,30,,4909,590,,,0,95,,4896,590,,,0,168,,4899,590,,,0,100,,4900,590,,,0,227,,4901,590,,,0
300,'TM-A26-TM_GTFS-Week-end-01',630,,4915,480,,,0,201,,4916,600,,,0,207,,4917,600,,,0,200,,4918,600,,,0,200,,4919,600,,,0,197,,4920,600,,,0,197,,4921,600,,,0,199,,4922,600,,,0,200,,4923,600,,,0,198,,4924,600,,,0
400,'TM-A26-TM_GTFS-Fête-2-01',1657,,4929,370,,,0,91,,4925,370,,,0,100,,4926,370,,,0,294,,4927,370,,,0,275,,4928,370,,,0
400,'TM-A26-TM_GTFS-Semaine-01',1657,,4934,370,,,0,91,,4930,370,,,0,100,,4931,370,,,0,294,,4932,370,,,0,275,,4933,370,,,0
401,'TM-A26-TM_GTFS-Fête-2-01',605,,4936,440,,,0,100,,4938,440,,,0,100,,4937,440,,,0,101,,4935,440,,,0,1031,,4939,440,,,0
401,'TM-A26-TM_GTFS-Semaine-01',605,,4941,440,,,0,100,,4943,440,,,0,100,,4942,440,,,0,101,,4940,440,,,0,1031,,4944,440,,,0
800,'TM-A26-TM_GTFS-Fête-1-01',701,,4952,170,,,0,100,,4953,170,,,0,100,,4954,170,,,0,100,,4955,170,,,0,100,,4956,170,,,0,100,,4957,170,,,0,100,,4958,170,,,0,100,,4959,170,,,0,100,,4960,170,,,0,100,,4961,170,,,0,100,,4962,170,,,0,100,,4963,170,,,0,100,,4964,170,,,0,100,,4965,170,,,0,100,,4966,170,,,0,100,,4967,170,,,0,100,,4968,170,,,0,100,,4969,170,,,0,99,,4970,170,0,16,0
800,'TM-A26-TM_GTFS-Fête-2-01',601,,4982,170,,,0,101,,4977,170,,,0,100,,4973,170,,,0,100,,4974,170,,,0,100,,4980,170,,,0,100,,4981,170,,,0,100,,4971,170,,,0,100,,4972,170,,,0,100,,4978,170,,,0,100,,4983,170,,,0,100,,4979,170,,,0,100,,4975,170,,,0,99,,4976,170,,,0,100,,4984,170,,,0,100,,4985,170,,,0,100,,4986,170,,,0,100,,4987,170,,,0,100,,4988,170,,,0,100,,4989,170,,,0,99,,4990,170,0,16,0
800,'TM-A26-TM_GTFS-Semaine-01',601,,5002,170,,,0,101,,4997,170,,,0,100,,4993,170,,,0,100,,4994,170,,,0,100,,5000,170,,,0,100,,5001,170,,,0,100,,4991,170,,,0,100,,4992,170,,,0,100,,4998,170,,,0,100,,5003,170,,,0,100,,4999,170,,,0,100,,4995,170,,,0,99,,4996,170,,,0,100,,5004,170,,,0,100,,5005,170,,,0,100,,5006,170,,,0,100,,5007,170,,,0,100,,5008,170,,,0,100,,5009,170,,,0,99,,5010,170,0,16,0
800,'TM-A26-TM_GTFS-Week-end-01',701,,5012,170,,,0,100,,5013,170,,,0,100,,5014,170,,,0,100,,5015,170,,,0,100,,5016,170,,,0,100,,5017,170,,,0,100,,5018,170,,,0,100,,5019,170,,,0,100,,5020,170,,,0,100,,5021,170,,,0,100,,5022,170,,,0,100,,5023,170,,,0,100,,5024,170,,,0,100,,5025,170,,,0,100,,5026,170,,,0,100,,5027,170,,,0,100,,5028,170,,,0,100,,5029,170,,,0,99,,5030,170,0,16,0
1101,'TM-A26-TM_GTFS-Fête-1-01',636,,5179,610,,,0,100,,5169,610,,,0,100,,5180,610,,,0,101,,5170,610,,,0,101,,5171,610,,,0,100,,5181,610,,,0,100,,5172,610,,,0,100,,5182,610,,,0,100,,5173,610,,,0,100,,5183,610,,,0,100,,5174,610,,,0,100,,5184,610,,,0,99,,5175,610,,,0,98,,5185,610,,,0,100,,5176,610,,,0,99,,5186,610,,,0,100,,5177,610,,,0,100,,5187,610,,,0,100,,5178,610,,,0
1101,'TM-A26-TM_GTFS-Fête-2-01',605,,5197,500,,,0,30,,5193,610,,,0,70,,5188,610,,,0,30,,5208,610,,,0,70,,5198,610,,,0,30,,5201,610,,,0,100,,5209,610,,,0,100,,5202,610,,,0,102,,5205,610,,,0,100,,5203,610,,,0,100,,5206,610,,,0,100,,5204,610,,,0,97,,5207,610,,,0,70,,5199,610,,,0,32,,5213,610,,,0,70,,5194,610,,,0,31,,5196,610,,,0,69,,5200,610,,,0,30,,5189,610,,,0,69,,5195,610,,,0,30,,5210,610,,,0,103,,5190,610,,,0,99,,5211,610,,,0,100,,5191,610,,,0,99,,5212,610,,,0,101,,5192,610,,,0
1101,'TM-A26-TM_GTFS-Semaine-01',605,,5223,500,,,0,30,,5219,610,,,0,70,,5214,610,,,0,30,,5234,610,,,0,70,,5224,610,,,0,30,,5227,610,,,0,100,,5235,610,,,0,100,,5228,610,,,0,102,,5231,610,,,0,100,,5229,610,,,0,100,,5232,610,,,0,100,,5230,610,,,0,97,,5233,610,,,0,70,,5225,610,,,0,32,,5239,610,,,0,70,,5220,610,,,0,31,,5222,610,,,0,69,,5226,610,,,0,30,,5215,610,,,0,69,,5221,610,,,0,30,,5236,610,,,0,103,,5216,610,,,0,99,,5237,610,,,0,100,,5217,610,,,0,99,,5238,610,,,0,101,,5218,610,,,0
1101,'TM-A26-TM_GTFS-Week-end-01',636,,5250,610,,,0,100,,5240,610,,,0,100,,5251,610,,,0,101,,5241,610,,,0,101,,5242,610,,,0,100,,5252,610,,,0,100,,5243,610,,,0,100,,5253,610,,,0,100,,5244,610,,,0,100,,5254,610,,,0,100,,5245,610,,,0,100,,5255,610,,,0,99,,5246,610,,,0,98,,5256,610,,,0,100,,5247,610,,,0,99,,5257,610,,,0,100,,5248,610,,,0,100,,5258,610,,,0,100,,5249,610,,,0
2001,'TM-A26-TM_GTFS-Fête-1-01',634,,6078,240,,,0,102,,6079,240,,,0,101,,6080,240,,,0,100,,6081,240,,,0,101,,6072,240,,,0,101,,6073,240,,,0,100,,6082,240,,,0,101,,6083,240,,,0,100,,6084,240,,,0,99,,6074,240,,,0,100,,6075,240,,,0,99,,6076,240,,,0,98,,6077,240,,,0,100,,6085,240,,,0,100,,6086,240,,,0,100,,6087,240,,,0,99,,6088,240,,,0,100,,6089,240,,,0,100,,6090,240,,,0
2001,'TM-A26-TM_GTFS-Fête-2-01',536,,6095,240,,,0,101,,6096,240,,,0,70,,6092,240,,,0,30,,6097,240,,,0,72,,6116,240,,,0,30,,6098,240,,,0,70,,6114,240,,,0,30,,6099,240,,,0,100,,6100,240,,,0,101,,6091,240,,,0,100,,6101,240,,,0,100,,6108,240,,,0,99,,6109,240,,,0,99,,6110,240,,,0,100,,6111,240,,,0,64,,6112,240,,,0,30,,6093,240,,,0,70,,6113,240,,,0,30,,6102,240,,,0,71,,6115,240,,,0,29,,6094,240,,,0,105,,6103,240,,,0,99,,6104,240,,,0,98,,6105,240,,,0,100,,6106,240,,,0,100,,6107,240,,,0
2001,'TM-A26-TM_GTFS-Semaine-01',536,,6121,240,,,0,101,,6122,240,,,0,70,,6118,240,,,0,30,,6123,240,,,0,72,,6142,240,,,0,30,,6124,240,,,0,70,,6140,240,,,0,30,,6125,240,,,0,100,,6126,240,,,0,101,,6117,240,,,0,100,,6127,240,,,0,100,,6134,240,,,0,99,,6135,240,,,0,99,,6136,240,,,0,100,,6137,240,,,0,64,,6138,240,,,0,30,,6119,240,,,0,70,,6139,240,,,0,30,,6128,240,,,0,71,,6141,240,,,0,29,,6120,240,,,0,105,,6129,240,,,0,99,,6130,240,,,0,98,,6131,240,,,0,100,,6132,240,,,0,100,,6133,240,,,0
2001,'TM-A26-TM_GTFS-Week-end-01',634,,6149,240,,,0,102,,6150,240,,,0,101,,6151,240,,,0,100,,6152,240,,,0,101,,6143,240,,,0,101,,6144,240,,,0,100,,6153,240,,,0,101,,6154,240,,,0,100,,6155,240,,,0,99,,6145,240,,,0,100,,6146,240,,,0,99,,6147,240,,,0,98,,6148,240,,,0,100,,6156,240,,,0,100,,6157,240,,,0,100,,6158,240,,,0,99,,6159,240,,,0,100,,6160,240,,,0,100,,6161,240,,,0
2100,'TM-A26-TM_GTFS-Fête-2-01',636,,6163,330,0,5,0,94,,6162,550,0,5,0,100,,6164,550,0,5,0,100,,6165,550,0,5,0
2100,'TM-A26-TM_GTFS-Semaine-01',636,,6167,330,0,5,0,94,,6166,550,0,5,0,100,,6168,550,0,5,0,100,,6169,550,0,5,0
2101,'TM-A26-TM_GTFS-Fête-2-01',1637,,6172,550,0,5,0,100,,6171,550,0,5,0,100,,6170,550,0,5,0
2101,'TM-A26-TM_GTFS-Semaine-01',1637,,6175,550,0,5,0,100,,6174,550,0,5,0,100,,6173,550,0,5,0
2701,'TM-A26-TM_GTFS-Semaine-01',601,,6280,200,,,0,58,,6283,200,,,0,100,,6284,200,,,0,100,,6285,290,,,0,769,,6281,290,,,0,103,,6282,290,,,0,100,,6286,290,,,0
