300,'TM-A26-TM_GTFS-Fête-1-01',612,,4867,220,,,0,199,,4868,340,,,0,206,,4869,340,,,0,200,,4870,340,,,0,200,,4871,340,,,0,198,,4872,340,,,0,198,,4873,340,,,0,199,,4874,340,,,0,200,,4875,340,,,0,199,,4876,340,,,0
300,'TM-A26-TM_GTFS-Fête-2-01',518,,4878,220,,,0,96,,4879,340,,,0,30,,4895,340,,,0,71,,4889,340,,,0,30,,4894,340,,,0,71,,4888,340,,,0,100,,4883,340,,,0,201,,4884,340,,,0,200,,4885,340,,,0,130,,4887,340,,,0,105,,4886,340,,,0,97,,4892,340,,,0,68,,4891,340,,,0,30,,4893,340,,,0,70,,4890,340,,,0,97,,4877,340,,,0,128,,4880,340,,,0,100,,4881,340,,,0,269,,4882,340,,,0
300,'TM-A26-TM_GTFS-Semaine-01',518,,4897,220,,,0,96,,4898,340,,,0,30,,4914,340,,,0,71,,4908,340,,,0,30,,4913,340,,,0,71,,4907,340,,,0,100,,4902,340,,,0,201,,4903,340,,,0,200,,4904,340,,,0,130,,4906,340,,,0,105,,4905,340,,,0,97,,4911,340,,,0,68,,4910,340,,,0,30,,4912,340,,,0,70,,4909,340,,,0,97,,4896,340,,,0,128,,4899,340,,,0,100,,4900,340,,,0,269,,4901,340,,,0
300,'TM-A26-TM_GTFS-Week-end-01',612,,4915,220,,,0,199,,4916,340,,,0,206,,4917,340,,,0,200,,4918,340,,,0,200,,4919,340,,,0,198,,4920,340,,,0,198,,4921,340,,,0,199,,4922,340,,,0,200,,4923,340,,,0,199,,4924,340,,,0
2001,'TM-A26-TM_GTFS-Fête-1-01',623,,6078,110,,,0,100,,6079,110,,,0,101,,6080,110,,,0,100,,6081,110,,,0,100,,6072,110,,,0,100,,6073,110,,,0,100,,6082,110,,,0,101,,6083,110,,,0,100,,6084,110,,,0,100,,6074,110,,,0,100,,6075,110,,,0,100,,6076,110,,,0,100,,6077,110,,,0,100,,6085,110,,,0,100,,6086,110,,,0,100,,6087,110,,,0,99,,6088,110,,,0,100,,6089,110,,,0,100,,6090,110,,,0
2001,'TM-A26-TM_GTFS-Fête-2-01',525,,6095,110,,,0,99,,6096,110,,,0,30,,6092,110,,,0,70,,6097,110,,,0,32,,6116,110,,,0,70,,6098,110,,,0,30,,6114,110,,,0,70,,6099,110,,,0,100,,6100,110,,,0,100,,6091,110,,,0,100,,6101,110,,,0,100,,6108,110,,,0,98,,6109,110,,,0,99,,6110,110,,,0,100,,6111,110,,,0,25,,6112,110,,,0,71,,6093,110,,,0,30,,6113,110,,,0,70,,6102,110,,,0,31,,6115,110,,,0,70,,6094,110,,,0,105,,6103,110,,,0,99,,6104,110,,,0,100,,6105,110,,,0,100,,6106,110,,,0,100,,6107,110,,,0
2001,'TM-A26-TM_GTFS-Semaine-01',525,,6121,110,,,0,99,,6122,110,,,0,30,,6118,110,,,0,70,,6123,110,,,0,32,,6142,110,,,0,70,,6124,110,,,0,30,,6140,110,,,0,70,,6125,110,,,0,100,,6126,110,,,0,100,,6117,110,,,0,100,,6127,110,,,0,100,,6134,110,,,0,98,,6135,110,,,0,99,,6136,110,,,0,100,,6137,110,,,0,25,,6138,110,,,0,71,,6119,110,,,0,30,,6139,110,,,0,70,,6128,110,,,0,31,,6141,110,,,0,70,,6120,110,,,0,105,,6129,110,,,0,99,,6130,110,,,0,100,,6131,110,,,0,100,,6132,110,,,0,100,,6133,110,,,0
2001,'TM-A26-TM_GTFS-Week-end-01',623,,6149,110,,,0,100,,6150,110,,,0,101,,6151,110,,,0,100,,6152,110,,,0,100,,6143,110,,,0,100,,6144,110,,,0,100,,6153,110,,,0,101,,6154,110,,,0,100,,6155,110,,,0,100,,6145,110,,,0,100,,6146,110,,,0,100,,6147,110,,,0,100,,6148,110,,,0,100,,6156,110,,,0,100,,6157,110,,,0,100,,6158,110,,,0,99,,6159,110,,,0,100,,6160,110,,,0,100,,6161,110,,,0
2101,'TM-A26-TM_GTFS-Fête-2-01',1624,,6172,430,0,5,0,101,,6171,430,0,5,0,100,,6170,430,0,5,0
2101,'TM-A26-TM_GTFS-Semaine-01',1624,,6175,430,0,5,0,101,,6174,430,0,5,0,100,,6173,430,0,5,0
2200,'TM-A26-TM_GTFS-Semaine-01',704,,6176,100,,,0,110,,6177,100,,,0,409,,6178,100,,,0
