4000,'TM-A26-TM_GTFS-Fête-1-01',712,,6434,90,,,0,396,,6435,90,,,0,500,,6436,90,,,0
4000,'TM-A26-TM_GTFS-Week-end-01',712,,6437,90,,,0,396,,6438,90,,,0,500,,6439,90,,,0
4001,'TM-A26-TM_GTFS-Fête-1-01',804,,6440,40,,,0,400,,6441,40,,,0,499,,6442,40,,,0
4001,'TM-A26-TM_GTFS-Week-end-01',804,,6443,40,,,0,400,,6444,40,,,0,499,,6445,40,,,0
14000,'TM-A26-TM_GTFS-Fête-2-01',514,,6462,90,,,0,40,,6454,90,,,0,60,,6456,90,,,0,20,,6465,90,,,0,20,,6452,90,,,0,60,,6461,90,,,0,25,,6463,90,,,0,71,,6460,90,,,0,390,,6464,90,,,0,108,,6458,90,,,0,219,,6457,90,,,0,189,,6455,90,,,0,135,,6459,90,,,0,293,,6453,90,,,0
14000,'TM-A26-TM_GTFS-Semaine-01',514,,6476,90,,,0,40,,6468,90,,,0,60,,6470,90,,,0,20,,6479,90,,,0,20,,6466,90,,,0,60,,6475,90,,,0,25,,6477,90,,,0,71,,6474,90,,,0,390,,6478,90,,,0,108,,6472,90,,,0,219,,6471,90,,,0,189,,6469,90,,,0,135,,6473,90,,,0,293,,6467,90,,,0
14001,'TM-A26-TM_GTFS-Fête-2-01',633,,6491,40,,,0,106,,6486,40,,,0,97,,6490,40,,,0,470,,6488,40,,,0,208,,6483,40,,,0,97,,6487,40,,,0,42,,6485,40,,,0,67,,6489,40,,,0,30,,6492,40,,,0,80,,6480,40,,,0,70,,6484,40,,,0,58,,6481,40,,,0,292,,6482,40,,,0
14001,'TM-A26-TM_GTFS-Semaine-01',633,,6504,40,,,0,106,,6499,40,,,0,97,,6503,40,,,0,470,,6501,40,,,0,208,,6496,40,,,0,97,,6500,40,,,0,42,,6498,40,,,0,67,,6502,40,,,0,30,,6505,40,,,0,80,,6493,40,,,0,70,,6497,40,,,0,58,,6494,40,,,0,292,,6495,40,,,0
3001100,'TM-A26-TM_GTFS-Semaine-01',703,,6710,10,,,0
3001101,'TM-A26-TM_GTFS-Semaine-01',1659,,6711,90,,,0,99,,6712,90,,,0
