1401,'TM-A26-TM_GTFS-Fête-1-01',801,,5360,180,,,0,103,,5357,180,,,0,101,,5371,180,,,0,101,,5367,180,,,0,101,,5365,180,,,0,100,,5368,180,,,0,101,,5366,180,,,0,100,,5369,180,,,0,100,,5372,180,,,0,99,,5370,180,,,0,100,,5355,180,,,0,99,,5358,180,,,0,99,,5356,180,,,0,100,,5361,180,,,0,97,,5364,180,,,0,102,,5362,180,,,0,99,,5359,180,,,0,100,,5363,180,,,0
1401,'TM-A26-TM_GTFS-Fête-2-01',635,,5380,180,,,0,70,,5388,180,,,0,30,,5399,180,,,0,70,,5381,180,,,0,30,,5389,180,,,0,70,,5379,180,,,0,30,,5382,180,,,0,70,,5390,180,,,0,30,,5383,180,,,0,101,,5392,180,,,0,101,,5394,180,,,0,100,,5393,180,,,0,102,,5373,180,,,0,101,,5378,180,,,0,103,,5374,180,,,0,70,,5395,180,,,0,28,,5384,180,,,0,68,,5375,180,,,0,28,,5396,180,,,0,70,,5385,180,,,0,29,,5376,180,,,0,100,,5397,180,,,0,100,,5377,180,,,0,99,,5386,180,,,0,99,,5391,180,,,0,99,,5387,180,,,0,100,,5398,180,,,0
1401,'TM-A26-TM_GTFS-Semaine-01',635,,5407,180,,,0,70,,5415,180,,,0,30,,5426,180,,,0,70,,5408,180,,,0,30,,5416,180,,,0,70,,5406,180,,,0,30,,5409,180,,,0,70,,5417,180,,,0,30,,5410,180,,,0,101,,5419,180,,,0,101,,5421,180,,,0,100,,5420,180,,,0,102,,5400,180,,,0,101,,5405,180,,,0,103,,5401,180,,,0,70,,5422,180,,,0,28,,5411,180,,,0,68,,5402,180,,,0,28,,5423,180,,,0,70,,5412,180,,,0,29,,5403,180,,,0,100,,5424,180,,,0,100,,5404,180,,,0,99,,5413,180,,,0,99,,5418,180,,,0,99,,5414,180,,,0,100,,5425,180,,,0
1401,'TM-A26-TM_GTFS-Week-end-01',801,,5432,180,,,0,103,,5429,180,,,0,101,,5443,180,,,0,101,,5439,180,,,0,101,,5437,180,,,0,100,,5440,180,,,0,101,,5438,180,,,0,100,,5441,180,,,0,100,,5444,180,,,0,99,,5442,180,,,0,100,,5427,180,,,0,99,,5430,180,,,0,99,,5428,180,,,0,100,,5433,180,,,0,97,,5436,180,,,0,102,,5434,180,,,0,99,,5431,180,,,0,100,,5435,180,,,0
1700,'TM-A26-TM_GTFS-Fête-1-01',703,,5445,180,,,0,100,,5455,180,,,0,101,,5446,180,,,0,101,,5456,180,,,0,100,,5447,180,,,0,101,,5457,180,,,0,100,,5448,180,,,0,101,,5458,180,,,0,100,,5449,180,,,0,100,,5459,180,,,0,100,,5450,180,,,0,99,,5460,180,,,0,99,,5451,180,,,0,100,,5461,180,,,0,100,,5452,180,,,0,100,,5462,180,,,0,99,,5453,180,,,0,99,,5463,180,,,0,100,,5454,180,,,0
1700,'TM-A26-TM_GTFS-Fête-2-01',604,,5468,180,,,0,101,,5476,180,,,0,100,,5469,180,,,0,100,,5477,180,,,0,101,,5470,180,,,0,100,,5464,180,,,0,100,,5471,180,,,0,100,,5478,180,,,0,101,,5472,180,,,0,102,,5479,180,,,0,103,,5473,180,,,0,100,,5465,180,,,0,96,,5474,180,,,0,98,,5466,180,,,0,99,,5475,180,,,0,100,,5467,180,,,0,100,,5481,180,,,0,99,,5483,180,,,0,100,,5482,180,,,0,98,,5480,180,,,0
1700,'TM-A26-TM_GTFS-Semaine-01',604,,5488,180,,,0,101,,5496,180,,,0,100,,5489,180,,,0,100,,5497,180,,,0,101,,5490,180,,,0,100,,5484,180,,,0,100,,5491,180,,,0,100,,5498,180,,,0,101,,5492,180,,,0,102,,5499,180,,,0,103,,5493,180,,,0,100,,5485,180,,,0,96,,5494,180,,,0,98,,5486,180,,,0,99,,5495,180,,,0,100,,5487,180,,,0,100,,5501,180,,,0,99,,5503,180,,,0,100,,5502,180,,,0,98,,5500,180,,,0
1700,'TM-A26-TM_GTFS-Week-end-01',703,,5504,180,,,0,100,,5514,180,,,0,101,,5505,180,,,0,101,,5515,180,,,0,100,,5506,180,,,0,101,,5516,180,,,0,100,,5507,180,,,0,101,,5517,180,,,0,100,,5508,180,,,0,100,,5518,180,,,0,100,,5509,180,,,0,99,,5519,180,,,0,99,,5510,180,,,0,100,,5520,180,,,0,100,,5511,180,,,0,100,,5521,180,,,0,99,,5512,180,,,0,99,,5522,180,,,0,100,,5513,180,,,0
2000001500,'TM-A26-TM_GTFS-Fête-2-01',1229,,6769,110,,,0,400,,6770,110,,,0,100,,6771,110,,,0,100,,6772,110,,,0
2000001500,'TM-A26-TM_GTFS-Semaine-01',1229,,6773,110,,,0,400,,6774,110,,,0,100,,6775,110,,,0,100,,6776,110,,,0
