100,'TM-A26-TM_GTFS-Fête-1-01',626,,4703,290,,,0,96,,4704,580,,,0,100,,4705,580,,,0,101,,4706,580,,,0,100,,4707,580,,,0,100,,4708,580,,,0,100,,4709,580,,,0,100,,4710,580,,,0,104,,4711,650,,,0,100,,4712,650,,,0,100,,4713,650,,,0,100,,4714,650,,,0,99,,4715,650,,,0,100,,4716,650,,,0,99,,4717,650,,,0,100,,4718,650,,,0,99,,4719,650,,,0,100,,4720,650,,,0,100,,4721,650,,,0,100,,4722,650,0,13 3 14,0
100,'TM-A26-TM_GTFS-Fête-2-01',553,,4723,580,,,0,70,,4751,580,,,0,30,,4749,580,,,0,70,,4741,580,,,0,30,,4750,580,,,0,70,,4729,580,,,0,30,,4746,580,,,0,70,,4730,580,,,0,100,,4731,580,,,0,100,,4732,580,,,0,100,,4733,580,,,0,100,,4734,580,,,0,100,,4735,580,,,0,100,,4736,580,,,0,30,,4747,580,,,0,71,,4737,580,,,0,30,,4748,580,,,0,70,,4739,580,,,0,29,,4727,580,,,0,70,,4738,580,,,0,29,,4726,580,,,0,69,,4740,580,,,0,30,,4728,580,,,0,70,,4742,580,,,0,100,,4752,580,,,0,100,,4753,580,,,0,100,,4743,580,,,0,100,,4744,580,,,0,100,,4745,580,0,13 3 14,0
100,'TM-A26-TM_GTFS-Semaine-01',553,,4754,580,,,0,70,,4782,580,,,0,30,,4780,580,,,0,70,,4772,580,,,0,30,,4781,580,,,0,70,,4760,580,,,0,30,,4777,580,,,0,70,,4761,580,,,0,100,,4762,580,,,0,100,,4763,580,,,0,100,,4764,580,,,0,100,,4765,580,,,0,100,,4766,580,,,0,100,,4767,580,,,0,30,,4778,580,,,0,71,,4768,580,,,0,30,,4779,580,,,0,70,,4770,580,,,0,29,,4758,580,,,0,70,,4769,580,,,0,29,,4757,580,,,0,69,,4771,580,,,0,30,,4759,580,,,0,70,,4773,580,,,0,100,,4783,580,,,0,100,,4784,580,,,0,100,,4774,580,,,0,100,,4775,580,,,0,100,,4776,580,0,13 3 14,0
100,'TM-A26-TM_GTFS-Week-end-01',626,,4785,290,,,0,96,,4786,580,,,0,100,,4787,580,,,0,101,,4788,580,,,0,100,,4789,580,,,0,100,,4790,580,,,0,100,,4791,580,,,0,100,,4792,580,,,0,104,,4793,650,,,0,100,,4794,650,,,0,100,,4795,650,,,0,100,,4796,650,,,0,99,,4797,650,,,0,100,,4798,650,,,0,99,,4799,650,,,0,100,,4800,650,,,0,99,,4801,650,,,0,100,,4802,650,,,0,100,,4803,650,,,0,100,,4804,650,0,13 3 14,0
1400,'TM-A26-TM_GTFS-Fête-1-01',638,,5259,310,,,0,100,,5264,310,,,0,99,,5262,310,,,0,99,,5276,310,,,0,99,,5271,310,,,0,100,,5269,310,,,0,99,,5272,310,,,0,100,,5270,310,,,0,100,,5273,310,,,0,102,,5277,310,,,0,100,,5274,310,,,0,100,,5278,310,,,0,100,,5275,310,,,0,100,,5261,310,,,0,100,,5265,310,,,0,100,,5268,310,,,0,100,,5266,310,,,0,102,,5263,310,,,0,100,,5267,310,,,0,100,,5260,310,,,0
1400,'TM-A26-TM_GTFS-Fête-2-01',528,,5294,310,,,0,31,,5287,310,,,0,71,,5295,310,,,0,72,,5300,310,,,0,27,,5288,310,,,0,30,,5296,310,,,0,70,,5286,310,,,0,71,,5289,310,,,0,30,,5297,310,,,0,72,,5290,310,,,0,100,,5301,310,,,0,100,,5303,310,,,0,100,,5302,310,,,0,100,,5279,310,,,0,100,,5284,310,,,0,99,,5280,310,,,0,30,,5298,310,,,0,70,,5285,310,,,0,30,,5281,310,,,0,70,,5304,310,,,0,32,,5291,310,,,0,70,,5282,310,,,0,102,,5305,310,,,0,101,,5283,310,,,0,100,,5292,310,,,0,101,,5299,310,,,0,101,,5293,310,,,0,99,,5306,310,,,0
1400,'TM-A26-TM_GTFS-Semaine-01',528,,5322,310,,,0,31,,5315,310,,,0,71,,5323,310,,,0,72,,5328,310,,,0,27,,5316,310,,,0,30,,5324,310,,,0,70,,5314,310,,,0,71,,5317,310,,,0,30,,5325,310,,,0,72,,5318,310,,,0,100,,5329,310,,,0,100,,5331,310,,,0,100,,5330,310,,,0,100,,5307,310,,,0,100,,5312,310,,,0,99,,5308,310,,,0,30,,5326,310,,,0,70,,5313,310,,,0,30,,5309,310,,,0,70,,5332,310,,,0,32,,5319,310,,,0,70,,5310,310,,,0,102,,5333,310,,,0,101,,5311,310,,,0,100,,5320,310,,,0,101,,5327,310,,,0,101,,5321,310,,,0,99,,5334,310,,,0
1400,'TM-A26-TM_GTFS-Week-end-01',638,,5335,310,,,0,100,,5340,310,,,0,99,,5338,310,,,0,99,,5352,310,,,0,99,,5347,310,,,0,100,,5345,310,,,0,99,,5348,310,,,0,100,,5346,310,,,0,100,,5349,310,,,0,102,,5353,310,,,0,100,,5350,310,,,0,100,,5354,310,,,0,100,,5351,310,,,0,100,,5337,310,,,0,100,,5341,310,,,0,100,,5344,310,,,0,100,,5342,310,,,0,102,,5339,310,,,0,100,,5343,310,,,0,100,,5336,310,,,0
1701,'TM-A26-TM_GTFS-Fête-1-01',629,,5541,520,,,0,100,,5532,520,,,0,100,,5523,520,,,0,100,,5533,520,,,0,100,,5524,520,,,0,100,,5534,520,,,0,100,,5525,520,,,0,100,,5535,520,,,0,100,,5526,520,,,0,100,,5536,520,,,0,100,,5527,520,,,0,100,,5537,520,,,0,100,,5528,520,,,0,100,,5538,520,,,0,99,,5529,520,,,0,100,,5539,520,,,0,100,,5530,520,,,0,100,,5540,520,,,0,100,,5531,520,,,0
1701,'TM-A26-TM_GTFS-Fête-2-01',529,,5545,520,,,0,102,,5554,520,,,0,94,,5546,520,,,0,104,,5555,520,,,0,99,,5547,520,,,0,99,,5556,520,,,0,100,,5548,520,,,0,100,,5557,520,,,0,100,,5549,520,,,0,100,,5558,520,,,0,101,,5550,520,,,0,100,,5559,520,,,0,104,,5551,520,,,0,98,,5542,520,,,0,95,,5552,520,,,0,100,,5543,520,,,0,100,,5553,520,,,0,100,,5544,520,,,0,100,,5560,520,,,0,100,,5561,520,,,0
1701,'TM-A26-TM_GTFS-Semaine-01',529,,5565,520,,,0,102,,5574,520,,,0,94,,5566,520,,,0,104,,5575,520,,,0,99,,5567,520,,,0,99,,5576,520,,,0,100,,5568,520,,,0,100,,5577,520,,,0,100,,5569,520,,,0,100,,5578,520,,,0,101,,5570,520,,,0,100,,5579,520,,,0,104,,5571,520,,,0,98,,5562,520,,,0,95,,5572,520,,,0,100,,5563,520,,,0,100,,5573,520,,,0,100,,5564,520,,,0,100,,5580,520,,,0,100,,5581,520,,,0
1701,'TM-A26-TM_GTFS-Week-end-01',629,,5600,520,,,0,100,,5591,520,,,0,100,,5582,520,,,0,100,,5592,520,,,0,100,,5583,520,,,0,100,,5593,520,,,0,100,,5584,520,,,0,100,,5594,520,,,0,100,,5585,520,,,0,100,,5595,520,,,0,100,,5586,520,,,0,100,,5596,520,,,0,100,,5587,520,,,0,100,,5597,520,,,0,99,,5588,520,,,0,100,,5598,520,,,0,100,,5589,520,,,0,100,,5599,520,,,0,100,,5590,520,,,0
