200,'TM-A26-TM_GTFS-Fête-1-01',734,,4805,670,,,0,206,,4806,670,,,0,200,,4807,670,,,0,200,,4808,670,,,0,200,,4809,670,,,0,195,,4810,670,,,0,198,,4811,670,,,0,200,,4812,670,,,0,200,,4813,670,,,0
200,'TM-A26-TM_GTFS-Fête-2-01',606,,4816,480,,,0,27,,4833,650,,,0,72,,4827,650,,,0,30,,4834,650,,,0,74,,4828,650,,,0,30,,4835,650,,,0,70,,4829,650,,,0,130,,4823,650,,,0,200,,4824,650,,,0,200,,4825,650,0,8 7,0,100,,4822,650,,,0,105,,4831,650,,,0,70,,4830,650,,,0,30,,4832,650,,,0,70,,4826,650,,,0,96,,4815,650,,,0,130,,4821,650,,,0,93,,4818,650,,,0,99,,4817,650,,,0,100,,4819,650,,,0
200,'TM-A26-TM_GTFS-Semaine-01',606,,4837,480,,,0,27,,4854,650,,,0,72,,4848,650,,,0,30,,4855,650,,,0,74,,4849,650,,,0,30,,4856,650,,,0,70,,4850,650,,,0,130,,4844,650,,,0,200,,4845,650,,,0,200,,4846,650,0,8 7,0,100,,4843,650,,,0,105,,4852,650,,,0,70,,4851,650,,,0,30,,4853,650,,,0,70,,4847,650,,,0,96,,4836,650,,,0,130,,4842,650,,,0,93,,4839,650,,,0,99,,4838,650,,,0,100,,4840,650,,,0
200,'TM-A26-TM_GTFS-Week-end-01',734,,4857,670,,,0,206,,4858,670,,,0,200,,4859,670,,,0,200,,4860,670,,,0,200,,4861,670,,,0,195,,4862,670,,,0,198,,4863,670,,,0,200,,4864,670,,,0,200,,4865,670,,,0
1400,'TM-A26-TM_GTFS-Fête-1-01',644,,5259,400,,,0,100,,5264,400,,,0,99,,5262,400,,,0,100,,5276,400,,,0,100,,5271,400,,,0,100,,5269,400,,,0,99,,5272,400,,,0,100,,5270,400,,,0,100,,5273,400,,,0,100,,5277,400,,,0,100,,5274,400,,,0,100,,5278,400,,,0,100,,5275,400,,,0,100,,5261,400,,,0,100,,5265,400,,,0,100,,5268,400,,,0,100,,5266,400,,,0,101,,5263,400,,,0,100,,5267,400,,,0,100,,5260,400,,,0
1400,'TM-A26-TM_GTFS-Fête-2-01',535,,5294,400,,,0,72,,5287,400,,,0,31,,5295,400,,,0,72,,5300,400,,,0,28,,5288,400,,,0,70,,5296,400,,,0,30,,5286,400,,,0,70,,5289,400,,,0,30,,5297,400,,,0,72,,5290,400,,,0,100,,5301,400,,,0,100,,5303,400,,,0,100,,5302,400,,,0,100,,5279,400,,,0,100,,5284,400,,,0,100,,5280,400,,,0,30,,5298,400,,,0,70,,5285,400,,,0,30,,5281,400,,,0,70,,5304,400,,,0,30,,5291,400,,,0,70,,5282,400,,,0,102,,5305,400,,,0,101,,5283,400,,,0,100,,5292,400,,,0,99,,5299,400,,,0,101,,5293,400,,,0,99,,5306,400,,,0
1400,'TM-A26-TM_GTFS-Semaine-01',535,,5322,400,,,0,72,,5315,400,,,0,31,,5323,400,,,0,72,,5328,400,,,0,28,,5316,400,,,0,70,,5324,400,,,0,30,,5314,400,,,0,70,,5317,400,,,0,30,,5325,400,,,0,72,,5318,400,,,0,100,,5329,400,,,0,100,,5331,400,,,0,100,,5330,400,,,0,100,,5307,400,,,0,100,,5312,400,,,0,100,,5308,400,,,0,30,,5326,400,,,0,70,,5313,400,,,0,30,,5309,400,,,0,70,,5332,400,,,0,30,,5319,400,,,0,70,,5310,400,,,0,102,,5333,400,,,0,101,,5311,400,,,0,100,,5320,400,,,0,99,,5327,400,,,0,101,,5321,400,,,0,99,,5334,400,,,0
1400,'TM-A26-TM_GTFS-Week-end-01',644,,5335,400,,,0,100,,5340,400,,,0,99,,5338,400,,,0,100,,5352,400,,,0,100,,5347,400,,,0,100,,5345,400,,,0,99,,5348,400,,,0,100,,5346,400,,,0,100,,5349,400,,,0,100,,5353,400,,,0,100,,5350,400,,,0,100,,5354,400,,,0,100,,5351,400,,,0,100,,5337,400,,,0,100,,5341,400,,,0,100,,5344,400,,,0,100,,5342,400,,,0,101,,5339,400,,,0,100,,5343,400,,,0,100,,5336,400,,,0
1701,'TM-A26-TM_GTFS-Fête-1-01',635,,5541,610,,,0,101,,5532,610,,,0,100,,5523,610,,,0,100,,5533,610,,,0,101,,5524,610,,,0,100,,5534,610,,,0,100,,5525,610,,,0,100,,5535,610,,,0,100,,5526,610,,,0,100,,5536,610,,,0,99,,5527,610,,,0,99,,5537,610,,,0,100,,5528,610,,,0,100,,5538,610,,,0,99,,5529,610,,,0,100,,5539,610,,,0,99,,5530,610,,,0,100,,5540,610,,,0,100,,5531,610,,,0
1701,'TM-A26-TM_GTFS-Fête-2-01',535,,5545,610,,,0,103,,5554,610,,,0,94,,5546,610,,,0,104,,5555,610,,,0,100,,5547,610,,,0,99,,5556,610,,,0,100,,5548,610,,,0,100,,5557,610,,,0,100,,5549,610,,,0,100,,5558,610,,,0,101,,5550,610,,,0,100,,5559,610,,,0,103,,5551,610,,,0,96,,5542,610,,,0,95,,5552,610,,,0,100,,5543,610,,,0,100,,5553,610,,,0,100,,5544,610,,,0,100,,5560,610,,,0,100,,5561,610,,,0
1701,'TM-A26-TM_GTFS-Semaine-01',535,,5565,610,,,0,103,,5574,610,,,0,94,,5566,610,,,0,104,,5575,610,,,0,100,,5567,610,,,0,99,,5576,610,,,0,100,,5568,610,,,0,100,,5577,610,,,0,100,,5569,610,,,0,100,,5578,610,,,0,101,,5570,610,,,0,100,,5579,610,,,0,103,,5571,610,,,0,96,,5562,610,,,0,95,,5572,610,,,0,100,,5563,610,,,0,100,,5573,610,,,0,100,,5564,610,,,0,100,,5580,610,,,0,100,,5581,610,,,0
1701,'TM-A26-TM_GTFS-Week-end-01',635,,5600,610,,,0,101,,5591,610,,,0,100,,5582,610,,,0,100,,5592,610,,,0,101,,5583,610,,,0,100,,5593,610,,,0,100,,5584,610,,,0,100,,5594,610,,,0,100,,5585,610,,,0,100,,5595,610,,,0,99,,5586,610,,,0,99,,5596,610,,,0,100,,5587,610,,,0,100,,5597,610,,,0,99,,5588,610,,,0,100,,5598,610,,,0,99,,5589,610,,,0,100,,5599,610,,,0,100,,5590,610,,,0
2301,'TM-A26-TM_GTFS-Fête-2-01',806,,6197,180,,,0,102,,6200,180,,,0,800,,6198,180,,,0,133,,6199,180,,,0
2301,'TM-A26-TM_GTFS-Semaine-01',806,,6201,180,,,0,102,,6204,180,,,0,396,,6206,180,,,0,200,,6205,180,,,0,204,,6202,180,,,0,133,,6203,180,,,0
