1401,'TM-A26-TM_GTFS-Fête-1-01',800,,5360,160,,,0,103,,5357,160,,,0,101,,5371,160,,,0,101,,5367,160,,,0,101,,5365,160,,,0,100,,5368,160,,,0,101,,5366,160,,,0,100,,5369,160,,,0,100,,5372,160,,,0,99,,5370,160,,,0,100,,5355,160,,,0,99,,5358,160,,,0,99,,5356,160,,,0,100,,5361,160,,,0,97,,5364,160,,,0,103,,5362,160,,,0,99,,5359,160,,,0,100,,5363,160,,,0
1401,'TM-A26-TM_GTFS-Fête-2-01',634,,5380,160,,,0,70,,5388,160,,,0,30,,5399,160,,,0,70,,5381,160,,,0,30,,5389,160,,,0,70,,5379,160,,,0,30,,5382,160,,,0,70,,5390,160,,,0,30,,5383,160,,,0,101,,5392,160,,,0,101,,5394,160,,,0,100,,5393,160,,,0,102,,5373,160,,,0,101,,5378,160,,,0,102,,5374,160,,,0,70,,5395,160,,,0,29,,5384,160,,,0,68,,5375,160,,,0,28,,5396,160,,,0,70,,5385,160,,,0,29,,5376,160,,,0,100,,5397,160,,,0,100,,5377,160,,,0,99,,5386,160,,,0,99,,5391,160,,,0,99,,5387,160,,,0,100,,5398,160,,,0
1401,'TM-A26-TM_GTFS-Semaine-01',634,,5407,160,,,0,70,,5415,160,,,0,30,,5426,160,,,0,70,,5408,160,,,0,30,,5416,160,,,0,70,,5406,160,,,0,30,,5409,160,,,0,70,,5417,160,,,0,30,,5410,160,,,0,101,,5419,160,,,0,101,,5421,160,,,0,100,,5420,160,,,0,102,,5400,160,,,0,101,,5405,160,,,0,102,,5401,160,,,0,70,,5422,160,,,0,29,,5411,160,,,0,68,,5402,160,,,0,28,,5423,160,,,0,70,,5412,160,,,0,29,,5403,160,,,0,100,,5424,160,,,0,100,,5404,160,,,0,99,,5413,160,,,0,99,,5418,160,,,0,99,,5414,160,,,0,100,,5425,160,,,0
1401,'TM-A26-TM_GTFS-Week-end-01',800,,5432,160,,,0,103,,5429,160,,,0,101,,5443,160,,,0,101,,5439,160,,,0,101,,5437,160,,,0,100,,5440,160,,,0,101,,5438,160,,,0,100,,5441,160,,,0,100,,5444,160,,,0,99,,5442,160,,,0,100,,5427,160,,,0,99,,5430,160,,,0,99,,5428,160,,,0,100,,5433,160,,,0,97,,5436,160,,,0,103,,5434,160,,,0,99,,5431,160,,,0,100,,5435,160,,,0
1700,'TM-A26-TM_GTFS-Fête-1-01',702,,5445,160,,,0,100,,5455,160,,,0,101,,5446,160,,,0,101,,5456,160,,,0,100,,5447,160,,,0,101,,5457,160,,,0,100,,5448,160,,,0,101,,5458,160,,,0,100,,5449,160,,,0,100,,5459,160,,,0,100,,5450,160,,,0,99,,5460,160,,,0,99,,5451,160,,,0,100,,5461,160,,,0,100,,5452,160,,,0,100,,5462,160,,,0,99,,5453,160,,,0,99,,5463,160,,,0,100,,5454,160,,,0
1700,'TM-A26-TM_GTFS-Fête-2-01',603,,5468,160,,,0,101,,5476,160,,,0,100,,5469,160,,,0,100,,5477,160,,,0,101,,5470,160,,,0,100,,5464,160,,,0,100,,5471,160,,,0,100,,5478,160,,,0,101,,5472,160,,,0,102,,5479,160,,,0,102,,5473,160,,,0,100,,5465,160,,,0,97,,5474,160,,,0,98,,5466,160,,,0,99,,5475,160,,,0,100,,5467,160,,,0,100,,5481,160,,,0,99,,5483,160,,,0,100,,5482,160,,,0,98,,5480,160,,,0
1700,'TM-A26-TM_GTFS-Semaine-01',603,,5488,160,,,0,101,,5496,160,,,0,100,,5489,160,,,0,100,,5497,160,,,0,101,,5490,160,,,0,100,,5484,160,,,0,100,,5491,160,,,0,100,,5498,160,,,0,101,,5492,160,,,0,102,,5499,160,,,0,102,,5493,160,,,0,100,,5485,160,,,0,97,,5494,160,,,0,98,,5486,160,,,0,99,,5495,160,,,0,100,,5487,160,,,0,100,,5501,160,,,0,99,,5503,160,,,0,100,,5502,160,,,0,98,,5500,160,,,0
1700,'TM-A26-TM_GTFS-Week-end-01',702,,5504,160,,,0,100,,5514,160,,,0,101,,5505,160,,,0,101,,5515,160,,,0,100,,5506,160,,,0,101,,5516,160,,,0,100,,5507,160,,,0,101,,5517,160,,,0,100,,5508,160,,,0,100,,5518,160,,,0,100,,5509,160,,,0,99,,5519,160,,,0,99,,5510,160,,,0,100,,5520,160,,,0,100,,5511,160,,,0,100,,5521,160,,,0,99,,5512,160,,,0,99,,5522,160,,,0,100,,5513,160,,,0
2000001500,'TM-A26-TM_GTFS-Fête-2-01',1227,,6769,90,,,0,400,,6770,90,,,0,100,,6771,90,,,0,100,,6772,90,,,0
2000001500,'TM-A26-TM_GTFS-Semaine-01',1227,,6773,90,,,0,400,,6774,90,,,0,100,,6775,90,,,0,100,,6776,90,,,0
