200,'TM-A26-TM_GTFS-Fête-1-01',659,,4805,120,,,0,242,,4806,120,,,0,200,,4807,120,,,0,200,,4808,120,,,0,200,,4809,120,,,0,158,,4810,120,,,0,200,,4811,120,,,0,200,,4812,120,,,0,200,,4813,120,,,0,200,,4814,120,0,12,0
200,'TM-A26-TM_GTFS-Fête-2-01',559,,4833,120,,,0,70,,4827,120,,,0,30,,4834,120,,,0,71,,4828,120,,,0,70,,4835,120,,,0,30,,4829,120,,,0,170,,4823,120,,,0,200,,4824,120,,,0,200,,4825,120,0,8 7,0,101,,4822,120,,,0,101,,4831,120,,,0,30,,4830,120,,,0,70,,4832,120,,,0,30,,4826,120,,,0,99,,4815,120,,,0,170,,4821,120,,,0,58,,4818,120,,,0,100,,4817,120,,,0,100,,4819,120,,,0,199,,4820,120,0,12,0
200,'TM-A26-TM_GTFS-Semaine-01',559,,4854,120,,,0,70,,4848,120,,,0,30,,4855,120,,,0,71,,4849,120,,,0,70,,4856,120,,,0,30,,4850,120,,,0,170,,4844,120,,,0,200,,4845,120,,,0,200,,4846,120,0,8 7,0,101,,4843,120,,,0,101,,4852,120,,,0,30,,4851,120,,,0,70,,4853,120,,,0,30,,4847,120,,,0,99,,4836,120,,,0,170,,4842,120,,,0,58,,4839,120,,,0,100,,4838,120,,,0,100,,4840,120,,,0,199,,4841,120,0,12,0
200,'TM-A26-TM_GTFS-Week-end-01',659,,4857,120,,,0,242,,4858,120,,,0,200,,4859,120,,,0,200,,4860,120,,,0,200,,4861,120,,,0,158,,4862,120,,,0,200,,4863,120,,,0,200,,4864,120,,,0,200,,4865,120,,,0,200,,4866,120,0,12,0
2000,'TM-A26-TM_GTFS-Fête-1-01',659,,5991,120,,,0,100,,5992,120,,,0,141,,5993,120,,,0,100,,5982,120,,,0,100,,5983,120,,,0,100,,5984,120,,,0,100,,5985,120,,,0,100,,5986,120,,,0,100,,5987,120,,,0,100,,5988,120,,,0,100,,5989,120,,,0,100,,5990,120,,,0,100,,5994,120,,,0,100,,5995,120,,,0,100,,5996,120,,,0,100,,5997,120,,,0,59,,5998,120,,,0,100,,5999,120,,,0,100,,6000,120,,,0
2000,'TM-A26-TM_GTFS-Fête-2-01',600,,6007,120,,,0,30,,6002,120,,,0,70,,6008,120,,,0,30,,6026,120,,,0,70,,6009,120,,,0,30,,6024,120,,,0,70,,6010,120,,,0,100,,6011,120,,,0,100,,6012,120,,,0,100,,6013,120,,,0,101,,6017,120,,,0,100,,6001,120,,,0,100,,6016,120,,,0,100,,6003,120,,,0,30,,6005,120,,,0,70,,6004,120,,,0,29,,6023,120,,,0,70,,6014,120,,,0,30,,6025,120,,,0,70,,6006,120,,,0,100,,6015,120,,,0,100,,6018,120,,,0,100,,6019,120,,,0,59,,6020,120,,,0,100,,6021,120,,,0,100,,6022,120,,,0
2000,'TM-A26-TM_GTFS-Semaine-01',600,,6033,120,,,0,30,,6028,120,,,0,70,,6034,120,,,0,30,,6052,120,,,0,70,,6035,120,,,0,30,,6050,120,,,0,70,,6036,120,,,0,100,,6037,120,,,0,100,,6038,120,,,0,100,,6039,120,,,0,101,,6043,120,,,0,100,,6027,120,,,0,100,,6042,120,,,0,100,,6029,120,,,0,30,,6031,120,,,0,70,,6030,120,,,0,29,,6049,120,,,0,70,,6040,120,,,0,30,,6051,120,,,0,70,,6032,120,,,0,100,,6041,120,,,0,100,,6044,120,,,0,100,,6045,120,,,0,59,,6046,120,,,0,100,,6047,120,,,0,100,,6048,120,,,0
2000,'TM-A26-TM_GTFS-Week-end-01',659,,6062,120,,,0,100,,6063,120,,,0,141,,6064,120,,,0,100,,6053,120,,,0,100,,6054,120,,,0,100,,6055,120,,,0,100,,6056,120,,,0,100,,6057,120,,,0,100,,6058,120,,,0,100,,6059,120,,,0,100,,6060,120,,,0,100,,6061,120,,,0,100,,6065,120,,,0,100,,6066,120,,,0,100,,6067,120,,,0,100,,6068,120,,,0,59,,6069,120,,,0,100,,6070,120,,,0,100,,6071,120,,,0
2100,'TM-A26-TM_GTFS-Fête-2-01',659,,6162,120,0,5,0,100,,6164,120,0,5,0,100,,6165,120,0,5,0
2100,'TM-A26-TM_GTFS-Semaine-01',659,,6166,120,0,5,0,100,,6168,120,0,5,0,100,,6169,120,0,5,0
2101,'TM-A26-TM_GTFS-Fête-2-01',1601,,6172,120,0,5,0,100,,6171,120,0,5,0,100,,6170,120,0,5,0
2101,'TM-A26-TM_GTFS-Semaine-01',1601,,6175,120,0,5,0,100,,6174,120,0,5,0,100,,6173,120,0,5,0
2700,'TM-A26-TM_GTFS-Semaine-01',724,,6278,120,,,0,100,,6273,120,,,0,706,,6276,120,,,0,101,,6277,120,,,0,100,,6275,120,,,0,99,,6274,120,,,0,100,,6279,120,,,0
