200,'TM-A26-TM_GTFS-Fête-1-01',700,,4805,130,,,0,202,,4806,130,,,0,200,,4807,130,,,0,200,,4808,130,,,0,200,,4809,130,,,0,198,,4810,130,,,0,200,,4811,130,,,0,200,,4812,130,,,0,200,,4813,130,,,0,200,,4814,130,0,12,0
200,'TM-A26-TM_GTFS-Fête-2-01',600,,4833,130,,,0,30,,4827,130,,,0,70,,4834,130,,,0,31,,4828,130,,,0,70,,4835,130,,,0,30,,4829,130,,,0,170,,4823,130,,,0,200,,4824,130,,,0,200,,4825,130,0,8 7,0,101,,4822,130,,,0,102,,4831,130,,,0,30,,4830,130,,,0,70,,4832,130,,,0,30,,4826,130,,,0,98,,4815,130,,,0,170,,4821,130,,,0,98,,4818,130,,,0,100,,4817,130,,,0,100,,4819,130,,,0,159,,4820,130,0,12,0
200,'TM-A26-TM_GTFS-Semaine-01',600,,4854,130,,,0,30,,4848,130,,,0,70,,4855,130,,,0,31,,4849,130,,,0,70,,4856,130,,,0,30,,4850,130,,,0,170,,4844,130,,,0,200,,4845,130,,,0,200,,4846,130,0,8 7,0,101,,4843,130,,,0,102,,4852,130,,,0,30,,4851,130,,,0,70,,4853,130,,,0,30,,4847,130,,,0,98,,4836,130,,,0,170,,4842,130,,,0,98,,4839,130,,,0,100,,4838,130,,,0,100,,4840,130,,,0,159,,4841,130,0,12,0
200,'TM-A26-TM_GTFS-Week-end-01',700,,4857,130,,,0,202,,4858,130,,,0,200,,4859,130,,,0,200,,4860,130,,,0,200,,4861,130,,,0,198,,4862,130,,,0,200,,4863,130,,,0,200,,4864,130,,,0,200,,4865,130,,,0,200,,4866,130,0,12,0
2000,'TM-A26-TM_GTFS-Fête-1-01',700,,5991,130,,,0,100,,5992,130,,,0,101,,5993,130,,,0,100,,5982,130,,,0,100,,5983,130,,,0,100,,5984,130,,,0,100,,5985,130,,,0,100,,5986,130,,,0,100,,5987,130,,,0,100,,5988,130,,,0,100,,5989,130,,,0,100,,5990,130,,,0,100,,5994,130,,,0,100,,5995,130,,,0,100,,5996,130,,,0,100,,5997,130,,,0,99,,5998,130,,,0,100,,5999,130,,,0,100,,6000,130,,,0
2000,'TM-A26-TM_GTFS-Fête-2-01',601,,6007,130,,,0,30,,6002,130,,,0,70,,6008,130,,,0,30,,6026,130,,,0,70,,6009,130,,,0,30,,6024,130,,,0,70,,6010,130,,,0,100,,6011,130,,,0,100,,6012,130,,,0,100,,6013,130,,,0,101,,6017,130,,,0,100,,6001,130,,,0,100,,6016,130,,,0,100,,6003,130,,,0,30,,6005,130,,,0,70,,6004,130,,,0,29,,6023,130,,,0,70,,6014,130,,,0,30,,6025,130,,,0,70,,6006,130,,,0,100,,6015,130,,,0,100,,6018,130,,,0,100,,6019,130,,,0,99,,6020,130,,,0,100,,6021,130,,,0,100,,6022,130,,,0
2000,'TM-A26-TM_GTFS-Semaine-01',601,,6033,130,,,0,30,,6028,130,,,0,70,,6034,130,,,0,30,,6052,130,,,0,70,,6035,130,,,0,30,,6050,130,,,0,70,,6036,130,,,0,100,,6037,130,,,0,100,,6038,130,,,0,100,,6039,130,,,0,101,,6043,130,,,0,100,,6027,130,,,0,100,,6042,130,,,0,100,,6029,130,,,0,30,,6031,130,,,0,70,,6030,130,,,0,29,,6049,130,,,0,70,,6040,130,,,0,30,,6051,130,,,0,70,,6032,130,,,0,100,,6041,130,,,0,100,,6044,130,,,0,100,,6045,130,,,0,99,,6046,130,,,0,100,,6047,130,,,0,100,,6048,130,,,0
2000,'TM-A26-TM_GTFS-Week-end-01',700,,6062,130,,,0,100,,6063,130,,,0,101,,6064,130,,,0,100,,6053,130,,,0,100,,6054,130,,,0,100,,6055,130,,,0,100,,6056,130,,,0,100,,6057,130,,,0,100,,6058,130,,,0,100,,6059,130,,,0,100,,6060,130,,,0,100,,6061,130,,,0,100,,6065,130,,,0,100,,6066,130,,,0,100,,6067,130,,,0,100,,6068,130,,,0,99,,6069,130,,,0,100,,6070,130,,,0,100,,6071,130,,,0
2100,'TM-A26-TM_GTFS-Fête-2-01',700,,6162,130,0,5,0,100,,6164,130,0,5,0,100,,6165,130,0,5,0
2100,'TM-A26-TM_GTFS-Semaine-01',700,,6166,130,0,5,0,100,,6168,130,0,5,0,100,,6169,130,0,5,0
2101,'TM-A26-TM_GTFS-Fête-2-01',1602,,6172,130,0,5,0,100,,6171,130,0,5,0,100,,6170,130,0,5,0
2101,'TM-A26-TM_GTFS-Semaine-01',1602,,6175,130,0,5,0,100,,6174,130,0,5,0,100,,6173,130,0,5,0
2700,'TM-A26-TM_GTFS-Semaine-01',724,,6278,130,,,0,100,,6273,130,,,0,707,,6276,130,,,0,101,,6277,130,,,0,100,,6275,130,,,0,98,,6274,130,,,0,100,,6279,130,,,0
