200,'TM-A26-TM_GTFS-Fête-1-01',736,,4805,690,,,0,206,,4806,690,,,0,200,,4807,690,,,0,200,,4808,690,,,0,200,,4809,690,,,0,195,,4810,690,,,0,198,,4811,690,,,0,200,,4812,690,,,0,200,,4813,690,,,0
200,'TM-A26-TM_GTFS-Fête-2-01',608,,4816,500,,,0,27,,4833,670,,,0,72,,4827,670,,,0,30,,4834,670,,,0,74,,4828,670,,,0,30,,4835,670,,,0,70,,4829,670,,,0,130,,4823,670,,,0,200,,4824,670,,,0,200,,4825,670,0,8 7,0,100,,4822,670,,,0,105,,4831,670,,,0,70,,4830,670,,,0,30,,4832,670,,,0,70,,4826,670,,,0,95,,4815,670,,,0,130,,4821,670,,,0,93,,4818,670,,,0,99,,4817,670,,,0,100,,4819,670,,,0
200,'TM-A26-TM_GTFS-Semaine-01',608,,4837,500,,,0,27,,4854,670,,,0,72,,4848,670,,,0,30,,4855,670,,,0,74,,4849,670,,,0,30,,4856,670,,,0,70,,4850,670,,,0,130,,4844,670,,,0,200,,4845,670,,,0,200,,4846,670,0,8 7,0,100,,4843,670,,,0,105,,4852,670,,,0,70,,4851,670,,,0,30,,4853,670,,,0,70,,4847,670,,,0,95,,4836,670,,,0,130,,4842,670,,,0,93,,4839,670,,,0,99,,4838,670,,,0,100,,4840,670,,,0
200,'TM-A26-TM_GTFS-Week-end-01',736,,4857,690,,,0,206,,4858,690,,,0,200,,4859,690,,,0,200,,4860,690,,,0,200,,4861,690,,,0,195,,4862,690,,,0,198,,4863,690,,,0,200,,4864,690,,,0,200,,4865,690,,,0
1400,'TM-A26-TM_GTFS-Fête-1-01',645,,5259,420,,,0,100,,5264,420,,,0,100,,5262,420,,,0,100,,5276,420,,,0,100,,5271,420,,,0,100,,5269,420,,,0,99,,5272,420,,,0,100,,5270,420,,,0,100,,5273,420,,,0,100,,5277,420,,,0,100,,5274,420,,,0,100,,5278,420,,,0,100,,5275,420,,,0,100,,5261,420,,,0,100,,5265,420,,,0,100,,5268,420,,,0,100,,5266,420,,,0,100,,5263,420,,,0,100,,5267,420,,,0,100,,5260,420,,,0
1400,'TM-A26-TM_GTFS-Fête-2-01',537,,5294,420,,,0,72,,5287,420,,,0,31,,5295,420,,,0,72,,5300,420,,,0,28,,5288,420,,,0,70,,5296,420,,,0,30,,5286,420,,,0,70,,5289,420,,,0,30,,5297,420,,,0,72,,5290,420,,,0,100,,5301,420,,,0,100,,5303,420,,,0,100,,5302,420,,,0,100,,5279,420,,,0,100,,5284,420,,,0,100,,5280,420,,,0,30,,5298,420,,,0,70,,5285,420,,,0,30,,5281,420,,,0,70,,5304,420,,,0,30,,5291,420,,,0,70,,5282,420,,,0,102,,5305,420,,,0,101,,5283,420,,,0,100,,5292,420,,,0,99,,5299,420,,,0,101,,5293,420,,,0,99,,5306,420,,,0
1400,'TM-A26-TM_GTFS-Semaine-01',537,,5322,420,,,0,72,,5315,420,,,0,31,,5323,420,,,0,72,,5328,420,,,0,28,,5316,420,,,0,70,,5324,420,,,0,30,,5314,420,,,0,70,,5317,420,,,0,30,,5325,420,,,0,72,,5318,420,,,0,100,,5329,420,,,0,100,,5331,420,,,0,100,,5330,420,,,0,100,,5307,420,,,0,100,,5312,420,,,0,100,,5308,420,,,0,30,,5326,420,,,0,70,,5313,420,,,0,30,,5309,420,,,0,70,,5332,420,,,0,30,,5319,420,,,0,70,,5310,420,,,0,102,,5333,420,,,0,101,,5311,420,,,0,100,,5320,420,,,0,99,,5327,420,,,0,101,,5321,420,,,0,99,,5334,420,,,0
1400,'TM-A26-TM_GTFS-Week-end-01',645,,5335,420,,,0,100,,5340,420,,,0,100,,5338,420,,,0,100,,5352,420,,,0,100,,5347,420,,,0,100,,5345,420,,,0,99,,5348,420,,,0,100,,5346,420,,,0,100,,5349,420,,,0,100,,5353,420,,,0,100,,5350,420,,,0,100,,5354,420,,,0,100,,5351,420,,,0,100,,5337,420,,,0,100,,5341,420,,,0,100,,5344,420,,,0,100,,5342,420,,,0,100,,5339,420,,,0,100,,5343,420,,,0,100,,5336,420,,,0
1701,'TM-A26-TM_GTFS-Fête-1-01',637,,5541,630,,,0,101,,5532,630,,,0,100,,5523,630,,,0,100,,5533,630,,,0,101,,5524,630,,,0,100,,5534,630,,,0,100,,5525,630,,,0,100,,5535,630,,,0,100,,5526,630,,,0,100,,5536,630,,,0,99,,5527,630,,,0,99,,5537,630,,,0,100,,5528,630,,,0,100,,5538,630,,,0,99,,5529,630,,,0,100,,5539,630,,,0,99,,5530,630,,,0,100,,5540,630,,,0,100,,5531,630,,,0
1701,'TM-A26-TM_GTFS-Fête-2-01',536,,5545,630,,,0,104,,5554,630,,,0,94,,5546,630,,,0,104,,5555,630,,,0,100,,5547,630,,,0,99,,5556,630,,,0,100,,5548,630,,,0,100,,5557,630,,,0,100,,5549,630,,,0,100,,5558,630,,,0,101,,5550,630,,,0,100,,5559,630,,,0,103,,5551,630,,,0,96,,5542,630,,,0,95,,5552,630,,,0,100,,5543,630,,,0,100,,5553,630,,,0,100,,5544,630,,,0,100,,5560,630,,,0,100,,5561,630,,,0
1701,'TM-A26-TM_GTFS-Semaine-01',536,,5565,630,,,0,104,,5574,630,,,0,94,,5566,630,,,0,104,,5575,630,,,0,100,,5567,630,,,0,99,,5576,630,,,0,100,,5568,630,,,0,100,,5577,630,,,0,100,,5569,630,,,0,100,,5578,630,,,0,101,,5570,630,,,0,100,,5579,630,,,0,103,,5571,630,,,0,96,,5562,630,,,0,95,,5572,630,,,0,100,,5563,630,,,0,100,,5573,630,,,0,100,,5564,630,,,0,100,,5580,630,,,0,100,,5581,630,,,0
1701,'TM-A26-TM_GTFS-Week-end-01',637,,5600,630,,,0,101,,5591,630,,,0,100,,5582,630,,,0,100,,5592,630,,,0,101,,5583,630,,,0,100,,5593,630,,,0,100,,5584,630,,,0,100,,5594,630,,,0,100,,5585,630,,,0,100,,5595,630,,,0,99,,5586,630,,,0,99,,5596,630,,,0,100,,5587,630,,,0,100,,5597,630,,,0,99,,5588,630,,,0,100,,5598,630,,,0,99,,5589,630,,,0,100,,5599,630,,,0,100,,5590,630,,,0
1800,'TM-A26-TM_GTFS-Fête-1-01',734,,5604,640,,,0,100,,5605,640,,,0,101,,5606,640,,,0,400,,5607,640,,,0,200,,5601,640,,,0,100,,5602,640,,,0,100,,5603,640,,,0,299,,5608,640,,,0
1800,'TM-A26-TM_GTFS-Fête-2-01',606,,5609,330,,,0,102,,5618,640,,,0,100,,5610,640,,,0,30,,5614,640,,,0,70,,5611,640,,,0,130,,5615,640,,,0,200,,5616,640,,,0,200,,5617,640,,,0,168,,5612,640,,,0,100,,5621,640,,,0,100,,5622,640,,,0,31,,5619,380,,,0,98,,5620,640,,,0,200,,5613,640,,,0
1800,'TM-A26-TM_GTFS-Semaine-01',606,,5623,330,,,0,102,,5632,640,,,0,100,,5624,640,,,0,30,,5628,640,,,0,70,,5625,640,,,0,130,,5629,640,,,0,200,,5630,640,,,0,200,,5631,640,,,0,168,,5626,640,,,0,100,,5635,640,,,0,100,,5636,640,,,0,31,,5633,380,,,0,98,,5634,640,,,0,200,,5627,640,,,0
1800,'TM-A26-TM_GTFS-Week-end-01',734,,5640,640,,,0,100,,5641,640,,,0,101,,5642,640,,,0,400,,5643,640,,,0,200,,5637,640,,,0,100,,5638,640,,,0,100,,5639,640,,,0,299,,5644,640,,,0
2301,'TM-A26-TM_GTFS-Fête-2-01',808,,6197,200,,,0,102,,6200,200,,,0,800,,6198,200,,,0,132,,6199,200,,,0
2301,'TM-A26-TM_GTFS-Semaine-01',808,,6201,200,,,0,102,,6204,200,,,0,396,,6206,200,,,0,200,,6205,200,,,0,204,,6202,200,,,0,132,,6203,200,,,0
3000,'TM-A26-TM_GTFS-Fête-2-01',454,,6315,50,,,0,72,,6309,50,,,0,30,,6303,50,,,0,65,,6316,50,,,0,20,,6301,50,,,0,60,,6310,50,,,0,20,,6311,50,,,0,20,,6306,50,,,0,70,,6304,50,,,0,35,,6307,50,,,0,700,,6291,50,,,0,65,,6298,50,,,0,33,,6305,50,,,0,169,,6292,50,,,0,41,,6314,50,,,0
3000,'TM-A26-TM_GTFS-Semaine-01',454,,6356,50,,,0,72,,6347,50,,,0,30,,6340,50,,,0,55,,6350,50,,,0,10,,6357,50,,,0,20,,6337,50,,,0,60,,6348,50,,,0,10,,6326,50,,,0,10,,6349,50,,,0,20,,6343,50,,,0,70,,6341,50,,,0,35,,6344,50,,,0,700,,6317,60,,,0,65,,6325,50,,,0,18,,6354,50,,,0,15,,6342,50,,,0,85,,6352,50,,,0,25,,6318,50,,,0,59,,6319,50,,,0,41,,6355,50,,,0
