300,'TM-A26-TM_GTFS-Fête-1-01',633,,4867,540,,,0,201,,4868,660,,,0,208,,4869,660,,,0,200,,4870,660,,,0,200,,4871,660,,,0,195,,4872,660,,,0,197,,4873,660,,,0,199,,4874,660,,,0,200,,4875,660,,,0,198,,4876,660,,,0
300,'TM-A26-TM_GTFS-Fête-2-01',540,,4878,530,,,0,99,,4879,650,,,0,70,,4895,650,,,0,31,,4889,650,,,0,70,,4894,650,,,0,32,,4888,650,,,0,100,,4883,650,,,0,200,,4884,650,,,0,200,,4885,650,,,0,171,,4887,650,,,0,105,,4886,650,,,0,99,,4892,650,,,0,28,,4891,650,,,0,66,,4893,650,,,0,30,,4890,650,,,0,95,,4877,650,,,0,167,,4880,650,,,0,100,,4881,650,,,0,227,,4882,650,,,0
300,'TM-A26-TM_GTFS-Semaine-01',540,,4897,530,,,0,99,,4898,650,,,0,70,,4914,650,,,0,31,,4908,650,,,0,70,,4913,650,,,0,32,,4907,650,,,0,100,,4902,650,,,0,200,,4903,650,,,0,200,,4904,650,,,0,171,,4906,650,,,0,105,,4905,650,,,0,99,,4911,650,,,0,28,,4910,650,,,0,66,,4912,650,,,0,30,,4909,650,,,0,95,,4896,650,,,0,167,,4899,650,,,0,100,,4900,650,,,0,227,,4901,650,,,0
300,'TM-A26-TM_GTFS-Week-end-01',633,,4915,540,,,0,201,,4916,660,,,0,208,,4917,660,,,0,200,,4918,660,,,0,200,,4919,660,,,0,195,,4920,660,,,0,197,,4921,660,,,0,199,,4922,660,,,0,200,,4923,660,,,0,198,,4924,660,,,0
400,'TM-A26-TM_GTFS-Fête-2-01',1701,,4929,430,,,0,50,,4925,430,,,0,100,,4926,430,,,0,294,,4927,430,,,0,275,,4928,430,,,0
400,'TM-A26-TM_GTFS-Semaine-01',1701,,4934,430,,,0,50,,4930,430,,,0,100,,4931,430,,,0,294,,4932,430,,,0,275,,4933,430,,,0
401,'TM-A26-TM_GTFS-Fête-2-01',608,,4936,500,,,0,100,,4938,500,,,0,100,,4937,500,,,0,101,,4935,500,,,0,1031,,4939,500,,,0
401,'TM-A26-TM_GTFS-Semaine-01',608,,4941,500,,,0,100,,4943,500,,,0,100,,4942,500,,,0,101,,4940,500,,,0,1031,,4944,500,,,0
800,'TM-A26-TM_GTFS-Fête-1-01',704,,4952,230,,,0,100,,4953,230,,,0,100,,4954,230,,,0,101,,4955,230,,,0,100,,4956,230,,,0,100,,4957,230,,,0,100,,4958,230,,,0,100,,4959,230,,,0,100,,4960,230,,,0,100,,4961,230,,,0,100,,4962,230,,,0,99,,4963,230,,,0,100,,4964,230,,,0,100,,4965,230,,,0,100,,4966,230,,,0,100,,4967,230,,,0,100,,4968,230,,,0,100,,4969,230,,,0,99,,4970,230,0,16,0
800,'TM-A26-TM_GTFS-Fête-2-01',604,,4982,230,,,0,102,,4977,230,,,0,100,,4973,230,,,0,100,,4974,230,,,0,100,,4980,230,,,0,100,,4981,230,,,0,100,,4971,230,,,0,100,,4972,230,,,0,100,,4978,230,,,0,100,,4983,230,,,0,100,,4979,230,,,0,100,,4975,230,,,0,99,,4976,230,,,0,100,,4984,230,,,0,100,,4985,230,,,0,100,,4986,230,,,0,100,,4987,230,,,0,100,,4988,230,,,0,100,,4989,230,,,0,98,,4990,230,0,16,0
800,'TM-A26-TM_GTFS-Semaine-01',604,,5002,230,,,0,102,,4997,230,,,0,100,,4993,230,,,0,100,,4994,230,,,0,100,,5000,230,,,0,100,,5001,230,,,0,100,,4991,230,,,0,100,,4992,230,,,0,100,,4998,230,,,0,100,,5003,230,,,0,100,,4999,230,,,0,100,,4995,230,,,0,99,,4996,230,,,0,100,,5004,230,,,0,100,,5005,230,,,0,100,,5006,230,,,0,100,,5007,230,,,0,100,,5008,230,,,0,100,,5009,230,,,0,98,,5010,230,0,16,0
800,'TM-A26-TM_GTFS-Week-end-01',704,,5012,230,,,0,100,,5013,230,,,0,100,,5014,230,,,0,101,,5015,230,,,0,100,,5016,230,,,0,100,,5017,230,,,0,100,,5018,230,,,0,100,,5019,230,,,0,100,,5020,230,,,0,100,,5021,230,,,0,100,,5022,230,,,0,99,,5023,230,,,0,100,,5024,230,,,0,100,,5025,230,,,0,100,,5026,230,,,0,100,,5027,230,,,0,100,,5028,230,,,0,100,,5029,230,,,0,99,,5030,230,0,16,0
1101,'TM-A26-TM_GTFS-Fête-1-01',639,,5179,670,,,0,100,,5169,670,,,0,100,,5180,670,,,0,101,,5170,670,,,0,101,,5171,670,,,0,100,,5181,670,,,0,100,,5172,670,,,0,100,,5182,670,,,0,100,,5173,670,,,0,100,,5183,670,,,0,100,,5174,670,,,0,100,,5184,670,,,0,99,,5175,670,,,0,98,,5185,670,,,0,100,,5176,670,,,0,99,,5186,670,,,0,100,,5177,670,,,0,100,,5187,670,,,0,100,,5178,670,,,0
1101,'TM-A26-TM_GTFS-Fête-2-01',608,,5197,560,,,0,30,,5193,670,,,0,70,,5188,670,,,0,30,,5208,670,,,0,70,,5198,670,,,0,30,,5201,670,,,0,100,,5209,670,,,0,101,,5202,670,,,0,102,,5205,670,,,0,100,,5203,670,,,0,100,,5206,670,,,0,100,,5204,670,,,0,97,,5207,670,,,0,70,,5199,670,,,0,32,,5213,670,,,0,70,,5194,670,,,0,31,,5196,670,,,0,69,,5200,670,,,0,29,,5189,670,,,0,69,,5195,670,,,0,30,,5210,670,,,0,103,,5190,670,,,0,99,,5211,670,,,0,100,,5191,670,,,0,99,,5212,670,,,0,101,,5192,670,,,0
1101,'TM-A26-TM_GTFS-Semaine-01',608,,5223,560,,,0,30,,5219,670,,,0,70,,5214,670,,,0,30,,5234,670,,,0,70,,5224,670,,,0,30,,5227,670,,,0,100,,5235,670,,,0,101,,5228,670,,,0,102,,5231,670,,,0,100,,5229,670,,,0,100,,5232,670,,,0,100,,5230,670,,,0,97,,5233,670,,,0,70,,5225,670,,,0,32,,5239,670,,,0,70,,5220,670,,,0,31,,5222,670,,,0,69,,5226,670,,,0,29,,5215,670,,,0,69,,5221,670,,,0,30,,5236,670,,,0,103,,5216,670,,,0,99,,5237,670,,,0,100,,5217,670,,,0,99,,5238,670,,,0,101,,5218,670,,,0
1101,'TM-A26-TM_GTFS-Week-end-01',639,,5250,670,,,0,100,,5240,670,,,0,100,,5251,670,,,0,101,,5241,670,,,0,101,,5242,670,,,0,100,,5252,670,,,0,100,,5243,670,,,0,100,,5253,670,,,0,100,,5244,670,,,0,100,,5254,670,,,0,100,,5245,670,,,0,100,,5255,670,,,0,99,,5246,670,,,0,98,,5256,670,,,0,100,,5247,670,,,0,99,,5257,670,,,0,100,,5248,670,,,0,100,,5258,670,,,0,100,,5249,670,,,0
2001,'TM-A26-TM_GTFS-Fête-1-01',637,,6078,300,,,0,102,,6079,300,,,0,101,,6080,300,,,0,100,,6081,300,,,0,101,,6072,300,,,0,101,,6073,300,,,0,100,,6082,300,,,0,101,,6083,300,,,0,100,,6084,300,,,0,99,,6074,300,,,0,100,,6075,300,,,0,99,,6076,300,,,0,98,,6077,300,,,0,100,,6085,300,,,0,100,,6086,300,,,0,100,,6087,300,,,0,99,,6088,300,,,0,100,,6089,300,,,0,100,,6090,300,,,0
2001,'TM-A26-TM_GTFS-Fête-2-01',539,,6095,300,,,0,101,,6096,300,,,0,70,,6092,300,,,0,30,,6097,300,,,0,72,,6116,300,,,0,30,,6098,300,,,0,70,,6114,300,,,0,30,,6099,300,,,0,100,,6100,300,,,0,101,,6091,300,,,0,100,,6101,300,,,0,100,,6108,300,,,0,100,,6109,300,,,0,99,,6110,300,,,0,100,,6111,300,,,0,64,,6112,300,,,0,30,,6093,300,,,0,70,,6113,300,,,0,30,,6102,300,,,0,71,,6115,300,,,0,28,,6094,300,,,0,105,,6103,300,,,0,99,,6104,300,,,0,97,,6105,300,,,0,100,,6106,300,,,0,100,,6107,300,,,0
2001,'TM-A26-TM_GTFS-Semaine-01',539,,6121,300,,,0,101,,6122,300,,,0,70,,6118,300,,,0,30,,6123,300,,,0,72,,6142,300,,,0,30,,6124,300,,,0,70,,6140,300,,,0,30,,6125,300,,,0,100,,6126,300,,,0,101,,6117,300,,,0,100,,6127,300,,,0,100,,6134,300,,,0,100,,6135,300,,,0,99,,6136,300,,,0,100,,6137,300,,,0,64,,6138,300,,,0,30,,6119,300,,,0,70,,6139,300,,,0,30,,6128,300,,,0,71,,6141,300,,,0,28,,6120,300,,,0,105,,6129,300,,,0,99,,6130,300,,,0,97,,6131,300,,,0,100,,6132,300,,,0,100,,6133,300,,,0
2001,'TM-A26-TM_GTFS-Week-end-01',637,,6149,300,,,0,102,,6150,300,,,0,101,,6151,300,,,0,100,,6152,300,,,0,101,,6143,300,,,0,101,,6144,300,,,0,100,,6153,300,,,0,101,,6154,300,,,0,100,,6155,300,,,0,99,,6145,300,,,0,100,,6146,300,,,0,99,,6147,300,,,0,98,,6148,300,,,0,100,,6156,300,,,0,100,,6157,300,,,0,100,,6158,300,,,0,99,,6159,300,,,0,100,,6160,300,,,0,100,,6161,300,,,0
2100,'TM-A26-TM_GTFS-Fête-2-01',639,,6163,390,0,5,0,94,,6162,610,0,5,0,100,,6164,610,0,5,0,100,,6165,610,0,5,0
2100,'TM-A26-TM_GTFS-Semaine-01',639,,6167,390,0,5,0,94,,6166,610,0,5,0,100,,6168,610,0,5,0,100,,6169,610,0,5,0
2101,'TM-A26-TM_GTFS-Fête-2-01',1641,,6172,610,0,5,0,99,,6171,610,0,5,0,100,,6170,610,0,5,0
2101,'TM-A26-TM_GTFS-Semaine-01',1641,,6175,610,0,5,0,99,,6174,610,0,5,0,100,,6173,610,0,5,0
2701,'TM-A26-TM_GTFS-Semaine-01',604,,6280,260,,,0,98,,6283,260,,,0,100,,6284,260,,,0,100,,6285,350,,,0,731,,6281,350,,,0,103,,6282,350,,,0,100,,6286,350,,,0
