300,'TM-A26-TM_GTFS-Fête-1-01',612,,4867,200,,,0,199,,4868,320,,,0,205,,4869,320,,,0,200,,4870,320,,,0,200,,4871,320,,,0,199,,4872,320,,,0,198,,4873,320,,,0,199,,4874,320,,,0,200,,4875,320,,,0,199,,4876,320,,,0
300,'TM-A26-TM_GTFS-Fête-2-01',517,,4878,200,,,0,96,,4879,320,,,0,30,,4895,320,,,0,71,,4889,320,,,0,30,,4894,320,,,0,71,,4888,320,,,0,100,,4883,320,,,0,201,,4884,320,,,0,200,,4885,320,,,0,130,,4887,320,,,0,105,,4886,320,,,0,97,,4892,320,,,0,68,,4891,320,,,0,30,,4893,320,,,0,70,,4890,320,,,0,97,,4877,320,,,0,128,,4880,320,,,0,100,,4881,320,,,0,269,,4882,320,,,0
300,'TM-A26-TM_GTFS-Semaine-01',517,,4897,200,,,0,96,,4898,320,,,0,30,,4914,320,,,0,71,,4908,320,,,0,30,,4913,320,,,0,71,,4907,320,,,0,100,,4902,320,,,0,201,,4903,320,,,0,200,,4904,320,,,0,130,,4906,320,,,0,105,,4905,320,,,0,97,,4911,320,,,0,68,,4910,320,,,0,30,,4912,320,,,0,70,,4909,320,,,0,97,,4896,320,,,0,128,,4899,320,,,0,100,,4900,320,,,0,269,,4901,320,,,0
300,'TM-A26-TM_GTFS-Week-end-01',612,,4915,200,,,0,199,,4916,320,,,0,205,,4917,320,,,0,200,,4918,320,,,0,200,,4919,320,,,0,199,,4920,320,,,0,198,,4921,320,,,0,199,,4922,320,,,0,200,,4923,320,,,0,199,,4924,320,,,0
2001,'TM-A26-TM_GTFS-Fête-1-01',622,,6078,90,,,0,100,,6079,90,,,0,101,,6080,90,,,0,100,,6081,90,,,0,100,,6072,90,,,0,100,,6073,90,,,0,100,,6082,90,,,0,101,,6083,90,,,0,100,,6084,90,,,0,100,,6074,90,,,0,100,,6075,90,,,0,100,,6076,90,,,0,100,,6077,90,,,0,100,,6085,90,,,0,100,,6086,90,,,0,100,,6087,90,,,0,99,,6088,90,,,0,100,,6089,90,,,0,100,,6090,90,,,0
2001,'TM-A26-TM_GTFS-Fête-2-01',524,,6095,90,,,0,99,,6096,90,,,0,30,,6092,90,,,0,70,,6097,90,,,0,32,,6116,90,,,0,70,,6098,90,,,0,30,,6114,90,,,0,70,,6099,90,,,0,100,,6100,90,,,0,100,,6091,90,,,0,100,,6101,90,,,0,100,,6108,90,,,0,98,,6109,90,,,0,99,,6110,90,,,0,100,,6111,90,,,0,25,,6112,90,,,0,71,,6093,90,,,0,30,,6113,90,,,0,70,,6102,90,,,0,31,,6115,90,,,0,70,,6094,90,,,0,105,,6103,90,,,0,99,,6104,90,,,0,100,,6105,90,,,0,100,,6106,90,,,0,100,,6107,90,,,0
2001,'TM-A26-TM_GTFS-Semaine-01',524,,6121,90,,,0,99,,6122,90,,,0,30,,6118,90,,,0,70,,6123,90,,,0,32,,6142,90,,,0,70,,6124,90,,,0,30,,6140,90,,,0,70,,6125,90,,,0,100,,6126,90,,,0,100,,6117,90,,,0,100,,6127,90,,,0,100,,6134,90,,,0,98,,6135,90,,,0,99,,6136,90,,,0,100,,6137,90,,,0,25,,6138,90,,,0,71,,6119,90,,,0,30,,6139,90,,,0,70,,6128,90,,,0,31,,6141,90,,,0,70,,6120,90,,,0,105,,6129,90,,,0,99,,6130,90,,,0,100,,6131,90,,,0,100,,6132,90,,,0,100,,6133,90,,,0
2001,'TM-A26-TM_GTFS-Week-end-01',622,,6149,90,,,0,100,,6150,90,,,0,101,,6151,90,,,0,100,,6152,90,,,0,100,,6143,90,,,0,100,,6144,90,,,0,100,,6153,90,,,0,101,,6154,90,,,0,100,,6155,90,,,0,100,,6145,90,,,0,100,,6146,90,,,0,100,,6147,90,,,0,100,,6148,90,,,0,100,,6156,90,,,0,100,,6157,90,,,0,100,,6158,90,,,0,99,,6159,90,,,0,100,,6160,90,,,0,100,,6161,90,,,0
2101,'TM-A26-TM_GTFS-Fête-2-01',1623,,6172,410,0,5,0,101,,6171,410,0,5,0,100,,6170,410,0,5,0
2101,'TM-A26-TM_GTFS-Semaine-01',1623,,6175,410,0,5,0,101,,6174,410,0,5,0,100,,6173,410,0,5,0
2200,'TM-A26-TM_GTFS-Semaine-01',703,,6176,80,,,0,110,,6177,80,,,0,409,,6178,80,,,0
