1100,'TM-A26-TM_GTFS-Fête-1-01',618,,5071,410,,,0,100,,5081,410,,,0,100,,5072,410,,,0,100,,5073,410,,,0,100,,5082,410,,,0,101,,5074,410,,,0,100,,5083,410,,,0,100,,5075,410,,,0,100,,5084,410,,,0,100,,5076,410,,,0,100,,5085,410,,,0,100,,5077,410,,,0,100,,5086,410,,,0,100,,5078,410,,,0,100,,5087,410,,,0,99,,5079,410,,,0,100,,5088,410,,,0,100,,5080,410,,,0,100,,5089,410,,,0,100,,5090,410,,,0
1100,'TM-A26-TM_GTFS-Fête-2-01',547,,5091,410,,,0,70,,5113,410,,,0,30,,5102,410,,,0,70,,5098,410,,,0,30,,5092,410,,,0,70,,5114,410,,,0,30,,5103,410,,,0,71,,5106,410,,,0,100,,5110,410,,,0,100,,5107,410,,,0,100,,5111,410,,,0,100,,5108,410,,,0,101,,5112,410,,,0,100,,5119,410,,,0,30,,5099,410,,,0,70,,5101,410,,,0,30,,5104,410,,,0,70,,5093,410,,,0,30,,5100,410,,,0,70,,5115,410,,,0,30,,5105,410,,,0,69,,5094,410,,,0,28,,5109,410,,,0,70,,5116,410,,,0,100,,5095,410,,,0,100,,5117,410,,,0,100,,5096,410,,,0,100,,5118,410,,,0,100,,5097,410,,,0
1100,'TM-A26-TM_GTFS-Semaine-01',547,,5120,410,,,0,70,,5142,410,,,0,30,,5131,410,,,0,70,,5127,410,,,0,30,,5121,410,,,0,70,,5143,410,,,0,30,,5132,410,,,0,71,,5135,410,,,0,100,,5139,410,,,0,100,,5136,410,,,0,100,,5140,410,,,0,100,,5137,410,,,0,101,,5141,410,,,0,100,,5148,410,,,0,30,,5128,410,,,0,70,,5130,410,,,0,30,,5133,410,,,0,70,,5122,410,,,0,30,,5129,410,,,0,70,,5144,410,,,0,30,,5134,410,,,0,69,,5123,410,,,0,28,,5138,410,,,0,70,,5145,410,,,0,100,,5124,410,,,0,100,,5146,410,,,0,100,,5125,410,,,0,100,,5147,410,,,0,100,,5126,410,,,0
1100,'TM-A26-TM_GTFS-Week-end-01',618,,5149,410,,,0,100,,5159,410,,,0,100,,5150,410,,,0,100,,5151,410,,,0,100,,5160,410,,,0,101,,5152,410,,,0,100,,5161,410,,,0,100,,5153,410,,,0,100,,5162,410,,,0,100,,5154,410,,,0,100,,5163,410,,,0,100,,5155,410,,,0,100,,5164,410,,,0,100,,5156,410,,,0,100,,5165,410,,,0,99,,5157,410,,,0,100,,5166,410,,,0,100,,5158,410,,,0,100,,5167,410,,,0,100,,5168,410,,,0
4000,'TM-A26-TM_GTFS-Fête-1-01',718,,6434,130,,,0,396,,6435,130,,,0,500,,6436,130,,,0
4000,'TM-A26-TM_GTFS-Week-end-01',718,,6437,130,,,0,396,,6438,130,,,0,500,,6439,130,,,0
14001,'TM-A26-TM_GTFS-Fête-2-01',639,,6491,80,,,0,106,,6486,80,,,0,97,,6490,80,,,0,470,,6488,80,,,0,208,,6483,80,,,0,97,,6487,80,,,0,42,,6485,80,,,0,67,,6489,80,,,0,30,,6492,80,,,0,80,,6480,80,,,0,70,,6484,80,,,0,96,,6481,80,,,0,252,,6482,80,,,0
14001,'TM-A26-TM_GTFS-Semaine-01',639,,6504,80,,,0,106,,6499,80,,,0,97,,6503,80,,,0,470,,6501,80,,,0,208,,6496,80,,,0,97,,6500,80,,,0,42,,6498,80,,,0,67,,6502,80,,,0,30,,6505,80,,,0,80,,6493,80,,,0,70,,6497,80,,,0,96,,6494,80,,,0,252,,6495,80,,,0
2000001201,'TM-A26-TM_GTFS-Fête-2-01',806,,6745,60,,,0,100,,6746,60,,,0,315,,6747,60,,,0
2000001201,'TM-A26-TM_GTFS-Semaine-01',806,,6748,60,,,0,100,,6749,60,,,0,315,,6750,60,,,0
