200,'TM-A26-TM_GTFS-Fête-1-01',716,,4805,380,,,0,205,,4806,380,,,0,200,,4807,380,,,0,200,,4808,380,,,0,200,,4809,380,,,0,196,,4810,380,,,0,199,,4811,380,,,0,200,,4812,380,,,0,200,,4813,380,,,0,198,,4814,380,0,12,0
200,'TM-A26-TM_GTFS-Fête-2-01',548,,4816,190,,,0,67,,4833,360,,,0,32,,4827,360,,,0,70,,4834,360,,,0,32,,4828,360,,,0,70,,4835,360,,,0,30,,4829,360,,,0,170,,4823,360,,,0,200,,4824,360,,,0,200,,4825,360,0,8 7,0,101,,4822,360,,,0,104,,4831,360,,,0,30,,4830,360,,,0,70,,4832,360,,,0,30,,4826,360,,,0,97,,4815,360,,,0,170,,4821,360,,,0,94,,4818,360,,,0,100,,4817,360,,,0,100,,4819,360,,,0,197,,4820,360,0,12,0
200,'TM-A26-TM_GTFS-Semaine-01',548,,4837,190,,,0,67,,4854,360,,,0,32,,4848,360,,,0,70,,4855,360,,,0,32,,4849,360,,,0,70,,4856,360,,,0,30,,4850,360,,,0,170,,4844,360,,,0,200,,4845,360,,,0,200,,4846,360,0,8 7,0,101,,4843,360,,,0,104,,4852,360,,,0,30,,4851,360,,,0,70,,4853,360,,,0,30,,4847,360,,,0,97,,4836,360,,,0,170,,4842,360,,,0,94,,4839,360,,,0,100,,4838,360,,,0,100,,4840,360,,,0,197,,4841,360,0,12,0
200,'TM-A26-TM_GTFS-Week-end-01',716,,4857,380,,,0,205,,4858,380,,,0,200,,4859,380,,,0,200,,4860,380,,,0,200,,4861,380,,,0,196,,4862,380,,,0,199,,4863,380,,,0,200,,4864,380,,,0,200,,4865,380,,,0,198,,4866,380,0,12,0
2000,'TM-A26-TM_GTFS-Fête-1-01',706,,5991,240,,,0,100,,5992,240,,,0,101,,5993,240,,,0,102,,5982,240,,,0,100,,5983,240,,,0,100,,5984,240,,,0,101,,5985,240,,,0,100,,5986,240,,,0,100,,5987,240,,,0,100,,5988,240,,,0,99,,5989,240,,,0,100,,5990,240,,,0,98,,5994,240,,,0,100,,5995,240,,,0,100,,5996,240,,,0,100,,5997,240,,,0,99,,5998,240,,,0,100,,5999,240,,,0,99,,6000,240,,,0
2000,'TM-A26-TM_GTFS-Fête-2-01',606,,6007,240,,,0,30,,6002,240,,,0,70,,6008,240,,,0,31,,6026,240,,,0,70,,6009,240,,,0,30,,6024,240,,,0,71,,6010,240,,,0,100,,6011,240,,,0,100,,6012,240,,,0,100,,6013,240,,,0,102,,6017,240,,,0,100,,6001,240,,,0,100,,6016,240,,,0,100,,6003,240,,,0,30,,6005,240,,,0,70,,6004,240,,,0,29,,6023,240,,,0,70,,6014,240,,,0,29,,6025,240,,,0,70,,6006,240,,,0,99,,6015,240,,,0,100,,6018,240,,,0,100,,6019,240,,,0,98,,6020,240,,,0,100,,6021,240,,,0,100,,6022,240,,,0
2000,'TM-A26-TM_GTFS-Semaine-01',606,,6033,240,,,0,30,,6028,240,,,0,70,,6034,240,,,0,31,,6052,240,,,0,70,,6035,240,,,0,30,,6050,240,,,0,71,,6036,240,,,0,100,,6037,240,,,0,100,,6038,240,,,0,100,,6039,240,,,0,102,,6043,240,,,0,100,,6027,240,,,0,100,,6042,240,,,0,100,,6029,240,,,0,30,,6031,240,,,0,70,,6030,240,,,0,29,,6049,240,,,0,70,,6040,240,,,0,29,,6051,240,,,0,70,,6032,240,,,0,99,,6041,240,,,0,100,,6044,240,,,0,100,,6045,240,,,0,98,,6046,240,,,0,100,,6047,240,,,0,100,,6048,240,,,0
2000,'TM-A26-TM_GTFS-Week-end-01',706,,6062,240,,,0,100,,6063,240,,,0,101,,6064,240,,,0,102,,6053,240,,,0,100,,6054,240,,,0,100,,6055,240,,,0,101,,6056,240,,,0,100,,6057,240,,,0,100,,6058,240,,,0,100,,6059,240,,,0,99,,6060,240,,,0,100,,6061,240,,,0,98,,6065,240,,,0,100,,6066,240,,,0,100,,6067,240,,,0,100,,6068,240,,,0,99,,6069,240,,,0,100,,6070,240,,,0,99,,6071,240,,,0
2100,'TM-A26-TM_GTFS-Fête-2-01',705,,6162,210,0,5,0,100,,6164,210,0,5,0,100,,6165,210,0,5,0
2100,'TM-A26-TM_GTFS-Semaine-01',705,,6166,210,0,5,0,100,,6168,210,0,5,0,100,,6169,210,0,5,0
2201,'TM-A26-TM_GTFS-Semaine-01',1205,,6179,280,,,0,109,,6180,280,,,0,193,,6184,280,,,0,118,,6181,280,,,0,113,,6182,280,,,0,96,,6183,280,,,0
