200,'TM-A26-TM_GTFS-Fête-1-01',655,,4805,70,,,0,201,,4806,70,,,0,200,,4807,70,,,0,200,,4808,70,,,0,200,,4809,70,,,0,199,,4810,70,,,0,200,,4811,70,,,0,200,,4812,70,,,0,200,,4813,70,,,0,200,,4814,70,0,12,0
200,'TM-A26-TM_GTFS-Fête-2-01',555,,4833,70,,,0,70,,4827,70,,,0,30,,4834,70,,,0,71,,4828,70,,,0,30,,4835,70,,,0,70,,4829,70,,,0,130,,4823,70,,,0,200,,4824,70,,,0,200,,4825,70,0,8 7,0,100,,4822,70,,,0,100,,4831,70,,,0,70,,4830,70,,,0,30,,4832,70,,,0,70,,4826,70,,,0,100,,4815,70,,,0,130,,4821,70,,,0,99,,4818,70,,,0,100,,4817,70,,,0,100,,4819,70,,,0,200,,4820,70,0,12,0
200,'TM-A26-TM_GTFS-Semaine-01',555,,4854,70,,,0,70,,4848,70,,,0,30,,4855,70,,,0,71,,4849,70,,,0,30,,4856,70,,,0,70,,4850,70,,,0,130,,4844,70,,,0,200,,4845,70,,,0,200,,4846,70,0,8 7,0,100,,4843,70,,,0,100,,4852,70,,,0,70,,4851,70,,,0,30,,4853,70,,,0,70,,4847,70,,,0,100,,4836,70,,,0,130,,4842,70,,,0,99,,4839,70,,,0,100,,4838,70,,,0,100,,4840,70,,,0,200,,4841,70,0,12,0
200,'TM-A26-TM_GTFS-Week-end-01',655,,4857,70,,,0,201,,4858,70,,,0,200,,4859,70,,,0,200,,4860,70,,,0,200,,4861,70,,,0,199,,4862,70,,,0,200,,4863,70,,,0,200,,4864,70,,,0,200,,4865,70,,,0,200,,4866,70,0,12,0
400,'TM-A26-TM_GTFS-Fête-2-01',1637,,4929,70,,,0,93,,4925,70,,,0,100,,4926,70,,,0,295,,4927,70,,,0,275,,4928,70,,,0
400,'TM-A26-TM_GTFS-Semaine-01',1637,,4934,70,,,0,93,,4930,70,,,0,100,,4931,70,,,0,295,,4932,70,,,0,275,,4933,70,,,0
401,'TM-A26-TM_GTFS-Fête-2-01',546,,4936,150,,,0,100,,4938,150,,,0,100,,4937,150,,,0,101,,4935,150,,,0,1074,,4939,150,,,0
401,'TM-A26-TM_GTFS-Semaine-01',546,,4941,150,,,0,100,,4943,150,,,0,100,,4942,150,,,0,101,,4940,150,,,0,1074,,4944,150,,,0
800,'TM-A26-TM_GTFS-Fête-1-01',626,,4951,300,,,0,99,,4952,600,,,0,100,,4953,600,,,0,100,,4954,600,,,0,101,,4955,600,,,0,100,,4956,600,,,0,100,,4957,600,,,0,100,,4958,600,,,0,100,,4959,600,,,0,100,,4960,600,,,0,100,,4961,600,,,0,100,,4962,600,,,0,99,,4963,600,,,0,100,,4964,600,,,0,100,,4965,600,,,0,100,,4966,600,,,0,100,,4967,600,,,0,100,,4968,600,,,0,100,,4969,600,,,0
800,'TM-A26-TM_GTFS-Fête-2-01',626,,4982,600,,,0,102,,4977,600,,,0,100,,4973,600,,,0,99,,4974,600,,,0,100,,4980,600,,,0,100,,4981,600,,,0,100,,4971,600,,,0,100,,4972,600,,,0,100,,4978,600,,,0,102,,4983,600,,,0,100,,4979,600,,,0,100,,4975,600,,,0,97,,4976,600,,,0,100,,4984,600,,,0,100,,4985,600,,,0,100,,4986,600,,,0,100,,4987,600,,,0,100,,4988,600,,,0,99,,4989,600,,,0
800,'TM-A26-TM_GTFS-Semaine-01',626,,5002,600,,,0,102,,4997,600,,,0,100,,4993,600,,,0,99,,4994,600,,,0,100,,5000,600,,,0,100,,5001,600,,,0,100,,4991,600,,,0,100,,4992,600,,,0,100,,4998,600,,,0,102,,5003,600,,,0,100,,4999,600,,,0,100,,4995,600,,,0,97,,4996,600,,,0,100,,5004,600,,,0,100,,5005,600,,,0,100,,5006,600,,,0,100,,5007,600,,,0,100,,5008,600,,,0,99,,5009,600,,,0
800,'TM-A26-TM_GTFS-Week-end-01',626,,5011,300,,,0,99,,5012,600,,,0,100,,5013,600,,,0,100,,5014,600,,,0,101,,5015,600,,,0,100,,5016,600,,,0,100,,5017,600,,,0,100,,5018,600,,,0,100,,5019,600,,,0,100,,5020,600,,,0,100,,5021,600,,,0,100,,5022,600,,,0,99,,5023,600,,,0,100,,5024,600,,,0,100,,5025,600,,,0,100,,5026,600,,,0,100,,5027,600,,,0,100,,5028,600,,,0,100,,5029,600,,,0
1100,'TM-A26-TM_GTFS-Fête-1-01',555,,5071,70,,,0,100,,5081,70,,,0,100,,5072,70,,,0,100,,5073,70,,,0,100,,5082,70,,,0,101,,5074,70,,,0,100,,5083,70,,,0,100,,5075,70,,,0,100,,5084,70,,,0,100,,5076,70,,,0,100,,5085,70,,,0,100,,5077,70,,,0,100,,5086,70,,,0,100,,5078,70,,,0,100,,5087,70,,,0,100,,5079,70,,,0,100,,5088,70,,,0,100,,5080,70,,,0,100,,5089,70,,,0,100,,5090,70,,,0
1100,'TM-A26-TM_GTFS-Fête-2-01',525,,5091,70,,,0,30,,5113,70,,,0,70,,5102,70,,,0,30,,5098,70,,,0,70,,5092,70,,,0,30,,5114,70,,,0,70,,5103,70,,,0,30,,5106,70,,,0,100,,5110,70,,,0,100,,5107,70,,,0,100,,5111,70,,,0,100,,5108,70,,,0,101,,5112,70,,,0,100,,5119,70,,,0,70,,5099,70,,,0,30,,5101,70,,,0,70,,5104,70,,,0,30,,5093,70,,,0,70,,5100,70,,,0,30,,5115,70,,,0,70,,5105,70,,,0,30,,5094,70,,,0,69,,5109,70,,,0,30,,5116,70,,,0,100,,5095,70,,,0,100,,5117,70,,,0,100,,5096,70,,,0,100,,5118,70,,,0,100,,5097,70,,,0
1100,'TM-A26-TM_GTFS-Semaine-01',525,,5120,70,,,0,30,,5142,70,,,0,70,,5131,70,,,0,30,,5127,70,,,0,70,,5121,70,,,0,30,,5143,70,,,0,70,,5132,70,,,0,30,,5135,70,,,0,100,,5139,70,,,0,100,,5136,70,,,0,100,,5140,70,,,0,100,,5137,70,,,0,101,,5141,70,,,0,100,,5148,70,,,0,70,,5128,70,,,0,30,,5130,70,,,0,70,,5133,70,,,0,30,,5122,70,,,0,70,,5129,70,,,0,30,,5144,70,,,0,70,,5134,70,,,0,30,,5123,70,,,0,69,,5138,70,,,0,30,,5145,70,,,0,100,,5124,70,,,0,100,,5146,70,,,0,100,,5125,70,,,0,100,,5147,70,,,0,100,,5126,70,,,0
1100,'TM-A26-TM_GTFS-Week-end-01',555,,5149,70,,,0,100,,5159,70,,,0,100,,5150,70,,,0,100,,5151,70,,,0,100,,5160,70,,,0,101,,5152,70,,,0,100,,5161,70,,,0,100,,5153,70,,,0,100,,5162,70,,,0,100,,5154,70,,,0,100,,5163,70,,,0,100,,5155,70,,,0,100,,5164,70,,,0,100,,5156,70,,,0,100,,5165,70,,,0,100,,5157,70,,,0,100,,5166,70,,,0,100,,5158,70,,,0,100,,5167,70,,,0,100,,5168,70,,,0
2000,'TM-A26-TM_GTFS-Fête-1-01',655,,5991,70,,,0,100,,5992,70,,,0,101,,5993,70,,,0,100,,5982,70,,,0,100,,5983,70,,,0,100,,5984,70,,,0,100,,5985,70,,,0,100,,5986,70,,,0,100,,5987,70,,,0,100,,5988,70,,,0,100,,5989,70,,,0,100,,5990,70,,,0,100,,5994,70,,,0,100,,5995,70,,,0,100,,5996,70,,,0,100,,5997,70,,,0,99,,5998,70,,,0,100,,5999,70,,,0,100,,6000,70,,,0
2000,'TM-A26-TM_GTFS-Fête-2-01',556,,6007,70,,,0,70,,6002,70,,,0,30,,6008,70,,,0,70,,6026,70,,,0,30,,6009,70,,,0,70,,6024,70,,,0,30,,6010,70,,,0,100,,6011,70,,,0,100,,6012,70,,,0,100,,6013,70,,,0,100,,6017,70,,,0,100,,6001,70,,,0,100,,6016,70,,,0,100,,6003,70,,,0,70,,6005,70,,,0,30,,6004,70,,,0,70,,6023,70,,,0,30,,6014,70,,,0,70,,6025,70,,,0,30,,6006,70,,,0,100,,6015,70,,,0,100,,6018,70,,,0,100,,6019,70,,,0,99,,6020,70,,,0,100,,6021,70,,,0,100,,6022,70,,,0
2000,'TM-A26-TM_GTFS-Semaine-01',556,,6033,70,,,0,70,,6028,70,,,0,30,,6034,70,,,0,70,,6052,70,,,0,30,,6035,70,,,0,70,,6050,70,,,0,30,,6036,70,,,0,100,,6037,70,,,0,100,,6038,70,,,0,100,,6039,70,,,0,100,,6043,70,,,0,100,,6027,70,,,0,100,,6042,70,,,0,100,,6029,70,,,0,70,,6031,70,,,0,30,,6030,70,,,0,70,,6049,70,,,0,30,,6040,70,,,0,70,,6051,70,,,0,30,,6032,70,,,0,100,,6041,70,,,0,100,,6044,70,,,0,100,,6045,70,,,0,99,,6046,70,,,0,100,,6047,70,,,0,100,,6048,70,,,0
2000,'TM-A26-TM_GTFS-Week-end-01',655,,6062,70,,,0,100,,6063,70,,,0,101,,6064,70,,,0,100,,6053,70,,,0,100,,6054,70,,,0,100,,6055,70,,,0,100,,6056,70,,,0,100,,6057,70,,,0,100,,6058,70,,,0,100,,6059,70,,,0,100,,6060,70,,,0,100,,6061,70,,,0,100,,6065,70,,,0,100,,6066,70,,,0,100,,6067,70,,,0,100,,6068,70,,,0,99,,6069,70,,,0,100,,6070,70,,,0,100,,6071,70,,,0
2100,'TM-A26-TM_GTFS-Fête-2-01',655,,6162,70,0,5,0,100,,6164,70,0,5,0,100,,6165,70,0,5,0
2100,'TM-A26-TM_GTFS-Semaine-01',655,,6166,70,0,5,0,100,,6168,70,0,5,0,100,,6169,70,0,5,0
2101,'TM-A26-TM_GTFS-Fête-2-01',1556,,6172,70,0,5,0,100,,6171,70,0,5,0,100,,6170,70,0,5,0
2101,'TM-A26-TM_GTFS-Semaine-01',1556,,6175,70,0,5,0,100,,6174,70,0,5,0,100,,6173,70,0,5,0
2700,'TM-A26-TM_GTFS-Semaine-01',719,,6278,70,,,0,100,,6273,70,,,0,706,,6276,70,,,0,100,,6277,70,,,0,100,,6275,70,,,0,100,,6274,70,,,0,100,,6279,70,,,0
