900,'TM-A26-TM_GTFS-Fête-2-01',624,,5033,470,,,0,98,,5039,470,,,0,100,,5036,470,,,0,103,,5037,470,,,0,101,,5031,470,,,0,100,,5032,470,,,0,302,,5038,200,,,0,200,,5034,200,,,0,200,,5035,200,,,0
900,'TM-A26-TM_GTFS-Semaine-01',624,,5042,470,,,0,98,,5048,470,,,0,100,,5045,470,,,0,103,,5046,470,,,0,101,,5040,470,,,0,100,,5041,470,,,0,302,,5047,200,,,0,200,,5043,200,,,0,200,,5044,200,,,0
901,'TM-A26-TM_GTFS-Fête-2-01',739,,5059,270,0,9 10,0,170,,5057,270,0,9 10,0,99,,5058,270,0,9 10,0,202,,5049,270,,,0,100,,5050,270,0,9 10,0,200,,5056,270,,,0,101,,5051,270,,,0,99,,5054,270,,,0,100,,5053,270,,,0,98,,5055,270,,,0,300,,5052,270,,,0
901,'TM-A26-TM_GTFS-Semaine-01',739,,5070,270,0,9 10,0,170,,5068,270,0,9 10,0,99,,5069,270,0,9 10,0,202,,5060,270,,,0,100,,5061,270,0,9 10,0,200,,5067,270,,,0,101,,5062,270,,,0,99,,5065,270,,,0,100,,5064,270,,,0,98,,5066,270,,,0,300,,5063,270,,,0
1800,'TM-A26-TM_GTFS-Fête-1-01',715,,5604,370,,,0,100,,5605,370,,,0,100,,5606,370,,,0,400,,5607,370,,,0,200,,5601,370,,,0,100,,5602,370,,,0,100,,5603,370,,,0,300,,5608,370,,,0
1800,'TM-A26-TM_GTFS-Fête-2-01',545,,5609,60,,,0,102,,5618,370,,,0,100,,5610,370,,,0,70,,5614,370,,,0,29,,5611,370,,,0,170,,5615,370,,,0,200,,5616,370,,,0,200,,5617,370,,,0,130,,5612,370,,,0,100,,5621,370,,,0,100,,5622,370,,,0,71,,5619,110,,,0,98,,5620,370,,,0,200,,5613,370,,,0
1800,'TM-A26-TM_GTFS-Semaine-01',545,,5623,60,,,0,102,,5632,370,,,0,100,,5624,370,,,0,70,,5628,370,,,0,29,,5625,370,,,0,170,,5629,370,,,0,200,,5630,370,,,0,200,,5631,370,,,0,130,,5626,370,,,0,100,,5635,370,,,0,100,,5636,370,,,0,71,,5633,110,,,0,98,,5634,370,,,0,200,,5627,370,,,0
1800,'TM-A26-TM_GTFS-Week-end-01',715,,5640,370,,,0,100,,5641,370,,,0,100,,5642,370,,,0,400,,5643,370,,,0,200,,5637,370,,,0,100,,5638,370,,,0,100,,5639,370,,,0,300,,5644,370,,,0
1801,'TM-A26-TM_GTFS-Fête-2-01',623,,5647,370,0,6 7,0,100,,5648,370,0,6 7,0,93,,5656,370,0,6 7,0,107,,5649,370,0,6 7,0,200,,5650,370,0,6 7,0,200,,5651,370,0,6 7,0,200,,5652,370,0,6 7,0,104,,5646,370,0,6 7,0,100,,5654,370,0,6 7,0,96,,5653,370,0,6 7,0,197,,5645,370,0,6 7,0,200,,5655,370,0,6 7,0
1801,'TM-A26-TM_GTFS-Semaine-01',623,,5660,370,0,6 7,0,100,,5661,370,0,6 7,0,93,,5669,370,0,6 7,0,107,,5662,370,0,6 7,0,200,,5663,370,0,6 7,0,200,,5664,370,0,6 7,0,200,,5665,370,0,6 7,0,104,,5659,370,0,6 7,0,100,,5667,370,0,6 7,0,96,,5666,370,0,6 7,0,197,,5658,370,0,6 7,0,200,,5668,370,0,6 7,0
2201,'TM-A26-TM_GTFS-Semaine-01',1147,,6179,20,,,0,109,,6180,20,,,0,191,,6184,20,,,0,153,,6181,20,,,0,116,,6182,20,,,0,101,,6183,20,,,0
2701,'TM-A26-TM_GTFS-Semaine-01',836,,6285,20,,,0,766,,6281,20,,,0,103,,6282,20,,,0,103,,6286,20,,,0
2000001300,'TM-A26-TM_GTFS-Fête-2-01',1215,,6754,20,,,0,400,,6751,20,,,0,100,,6755,20,,,0,30,,6752,20,,,0,70,,6753,20,,,0
2000001300,'TM-A26-TM_GTFS-Semaine-01',1215,,6759,20,,,0,400,,6756,20,,,0,100,,6760,20,,,0,30,,6757,20,,,0,70,,6758,20,,,0
2000001500,'TM-A26-TM_GTFS-Fête-2-01',1216,,6769,20,,,0,400,,6770,20,,,0,100,,6771,20,,,0,100,,6772,20,,,0
2000001500,'TM-A26-TM_GTFS-Semaine-01',1216,,6773,20,,,0,400,,6774,20,,,0,100,,6775,20,,,0,100,,6776,20,,,0
