1100,'TM-A26-TM_GTFS-Fête-1-01',624,,5071,520,,,0,100,,5081,520,,,0,100,,5072,520,,,0,101,,5073,520,,,0,100,,5082,520,,,0,101,,5074,520,,,0,100,,5083,520,,,0,100,,5075,520,,,0,100,,5084,520,,,0,100,,5076,520,,,0,100,,5085,520,,,0,100,,5077,520,,,0,100,,5086,520,,,0,100,,5078,520,,,0,100,,5087,520,,,0,98,,5079,520,,,0,100,,5088,520,,,0,100,,5080,520,,,0,100,,5089,520,,,0,100,,5090,520,,,0
1100,'TM-A26-TM_GTFS-Fête-2-01',553,,5091,520,,,0,70,,5113,520,,,0,30,,5102,520,,,0,70,,5098,520,,,0,30,,5092,520,,,0,70,,5114,520,,,0,30,,5103,520,,,0,71,,5106,520,,,0,101,,5110,520,,,0,100,,5107,520,,,0,100,,5111,520,,,0,100,,5108,520,,,0,101,,5112,520,,,0,100,,5119,520,,,0,30,,5099,520,,,0,70,,5101,520,,,0,30,,5104,520,,,0,70,,5093,520,,,0,30,,5100,520,,,0,70,,5115,520,,,0,30,,5105,520,,,0,69,,5094,520,,,0,28,,5109,520,,,0,70,,5116,520,,,0,100,,5095,520,,,0,100,,5117,520,,,0,100,,5096,520,,,0,100,,5118,520,,,0,100,,5097,520,,,0
1100,'TM-A26-TM_GTFS-Semaine-01',553,,5120,520,,,0,70,,5142,520,,,0,30,,5131,520,,,0,70,,5127,520,,,0,30,,5121,520,,,0,70,,5143,520,,,0,30,,5132,520,,,0,71,,5135,520,,,0,101,,5139,520,,,0,100,,5136,520,,,0,100,,5140,520,,,0,100,,5137,520,,,0,101,,5141,520,,,0,100,,5148,520,,,0,30,,5128,520,,,0,70,,5130,520,,,0,30,,5133,520,,,0,70,,5122,520,,,0,30,,5129,520,,,0,70,,5144,520,,,0,30,,5134,520,,,0,69,,5123,520,,,0,28,,5138,520,,,0,70,,5145,520,,,0,100,,5124,520,,,0,100,,5146,520,,,0,100,,5125,520,,,0,100,,5147,520,,,0,100,,5126,520,,,0
1100,'TM-A26-TM_GTFS-Week-end-01',624,,5149,520,,,0,100,,5159,520,,,0,100,,5150,520,,,0,101,,5151,520,,,0,100,,5160,520,,,0,101,,5152,520,,,0,100,,5161,520,,,0,100,,5153,520,,,0,100,,5162,520,,,0,100,,5154,520,,,0,100,,5163,520,,,0,100,,5155,520,,,0,100,,5164,520,,,0,100,,5156,520,,,0,100,,5165,520,,,0,98,,5157,520,,,0,100,,5166,520,,,0,100,,5158,520,,,0,100,,5167,520,,,0,100,,5168,520,,,0
4000,'TM-A26-TM_GTFS-Fête-1-01',723,,6434,240,,,0,396,,6435,240,,,0,500,,6436,240,,,0
4000,'TM-A26-TM_GTFS-Week-end-01',723,,6437,240,,,0,396,,6438,240,,,0,500,,6439,240,,,0
14001,'TM-A26-TM_GTFS-Fête-2-01',646,,6491,190,,,0,106,,6486,190,,,0,97,,6490,190,,,0,470,,6488,190,,,0,208,,6483,190,,,0,99,,6487,190,,,0,80,,6485,190,,,0,27,,6489,190,,,0,70,,6492,190,,,0,40,,6480,190,,,0,70,,6484,190,,,0,96,,6481,190,,,0,292,,6482,190,,,0
14001,'TM-A26-TM_GTFS-Semaine-01',646,,6504,190,,,0,106,,6499,190,,,0,97,,6503,190,,,0,470,,6501,190,,,0,208,,6496,190,,,0,99,,6500,190,,,0,80,,6498,190,,,0,27,,6502,190,,,0,70,,6505,190,,,0,40,,6493,190,,,0,70,,6497,190,,,0,96,,6494,190,,,0,292,,6495,190,,,0
2000001201,'TM-A26-TM_GTFS-Fête-2-01',808,,6745,80,,,0,100,,6746,80,,,0,315,,6747,80,,,0
2000001201,'TM-A26-TM_GTFS-Semaine-01',808,,6748,80,,,0,100,,6749,80,,,0,315,,6750,80,,,0
