300,'TM-A26-TM_GTFS-Fête-1-01',628,,4867,460,,,0,201,,4868,580,,,0,207,,4869,580,,,0,200,,4870,580,,,0,200,,4871,580,,,0,197,,4872,580,,,0,197,,4873,580,,,0,199,,4874,580,,,0,200,,4875,580,,,0,198,,4876,580,,,0
300,'TM-A26-TM_GTFS-Fête-2-01',535,,4878,450,,,0,98,,4879,570,,,0,70,,4895,570,,,0,31,,4889,570,,,0,70,,4894,570,,,0,32,,4888,570,,,0,100,,4883,570,,,0,200,,4884,570,,,0,200,,4885,570,,,0,171,,4887,570,,,0,105,,4886,570,,,0,99,,4892,570,,,0,28,,4891,570,,,0,66,,4893,570,,,0,30,,4890,570,,,0,95,,4877,570,,,0,128,,4880,570,,,0,100,,4881,570,,,0,268,,4882,570,,,0
300,'TM-A26-TM_GTFS-Semaine-01',535,,4897,450,,,0,98,,4898,570,,,0,70,,4914,570,,,0,31,,4908,570,,,0,70,,4913,570,,,0,32,,4907,570,,,0,100,,4902,570,,,0,200,,4903,570,,,0,200,,4904,570,,,0,171,,4906,570,,,0,105,,4905,570,,,0,99,,4911,570,,,0,28,,4910,570,,,0,66,,4912,570,,,0,30,,4909,570,,,0,95,,4896,570,,,0,128,,4899,570,,,0,100,,4900,570,,,0,268,,4901,570,,,0
300,'TM-A26-TM_GTFS-Week-end-01',628,,4915,460,,,0,201,,4916,580,,,0,207,,4917,580,,,0,200,,4918,580,,,0,200,,4919,580,,,0,197,,4920,580,,,0,197,,4921,580,,,0,199,,4922,580,,,0,200,,4923,580,,,0,198,,4924,580,,,0
400,'TM-A26-TM_GTFS-Fête-2-01',1656,,4929,350,,,0,90,,4925,350,,,0,100,,4926,350,,,0,294,,4927,350,,,0,275,,4928,350,,,0
400,'TM-A26-TM_GTFS-Semaine-01',1656,,4934,350,,,0,90,,4930,350,,,0,100,,4931,350,,,0,294,,4932,350,,,0,275,,4933,350,,,0
1101,'TM-A26-TM_GTFS-Fête-1-01',635,,5179,590,,,0,100,,5169,590,,,0,100,,5180,590,,,0,100,,5170,590,,,0,101,,5171,590,,,0,100,,5181,590,,,0,100,,5172,590,,,0,100,,5182,590,,,0,100,,5173,590,,,0,100,,5183,590,,,0,100,,5174,590,,,0,100,,5184,590,,,0,99,,5175,590,,,0,99,,5185,590,,,0,100,,5176,590,,,0,99,,5186,590,,,0,100,,5177,590,,,0,100,,5187,590,,,0,100,,5178,590,,,0
1101,'TM-A26-TM_GTFS-Fête-2-01',603,,5197,480,,,0,30,,5193,590,,,0,70,,5188,590,,,0,30,,5208,590,,,0,70,,5198,590,,,0,30,,5201,590,,,0,100,,5209,590,,,0,100,,5202,590,,,0,102,,5205,590,,,0,100,,5203,590,,,0,100,,5206,590,,,0,100,,5204,590,,,0,97,,5207,590,,,0,70,,5199,590,,,0,32,,5213,590,,,0,70,,5194,590,,,0,32,,5196,590,,,0,69,,5200,590,,,0,29,,5189,590,,,0,69,,5195,590,,,0,30,,5210,590,,,0,103,,5190,590,,,0,99,,5211,590,,,0,101,,5191,590,,,0,99,,5212,590,,,0,101,,5192,590,,,0
1101,'TM-A26-TM_GTFS-Semaine-01',603,,5223,480,,,0,30,,5219,590,,,0,70,,5214,590,,,0,30,,5234,590,,,0,70,,5224,590,,,0,30,,5227,590,,,0,100,,5235,590,,,0,100,,5228,590,,,0,102,,5231,590,,,0,100,,5229,590,,,0,100,,5232,590,,,0,100,,5230,590,,,0,97,,5233,590,,,0,70,,5225,590,,,0,32,,5239,590,,,0,70,,5220,590,,,0,32,,5222,590,,,0,69,,5226,590,,,0,29,,5215,590,,,0,69,,5221,590,,,0,30,,5236,590,,,0,103,,5216,590,,,0,99,,5237,590,,,0,101,,5217,590,,,0,99,,5238,590,,,0,101,,5218,590,,,0
1101,'TM-A26-TM_GTFS-Week-end-01',635,,5250,590,,,0,100,,5240,590,,,0,100,,5251,590,,,0,100,,5241,590,,,0,101,,5242,590,,,0,100,,5252,590,,,0,100,,5243,590,,,0,100,,5253,590,,,0,100,,5244,590,,,0,100,,5254,590,,,0,100,,5245,590,,,0,100,,5255,590,,,0,99,,5246,590,,,0,99,,5256,590,,,0,100,,5247,590,,,0,99,,5257,590,,,0,100,,5248,590,,,0,100,,5258,590,,,0,100,,5249,590,,,0
2001,'TM-A26-TM_GTFS-Fête-1-01',633,,6078,220,,,0,101,,6079,220,,,0,101,,6080,220,,,0,100,,6081,220,,,0,101,,6072,220,,,0,101,,6073,220,,,0,100,,6082,220,,,0,101,,6083,220,,,0,100,,6084,220,,,0,99,,6074,220,,,0,100,,6075,220,,,0,99,,6076,220,,,0,99,,6077,220,,,0,100,,6085,220,,,0,100,,6086,220,,,0,100,,6087,220,,,0,99,,6088,220,,,0,100,,6089,220,,,0,100,,6090,220,,,0
2001,'TM-A26-TM_GTFS-Fête-2-01',535,,6095,220,,,0,100,,6096,220,,,0,70,,6092,220,,,0,30,,6097,220,,,0,72,,6116,220,,,0,30,,6098,220,,,0,70,,6114,220,,,0,30,,6099,220,,,0,100,,6100,220,,,0,101,,6091,220,,,0,100,,6101,220,,,0,100,,6108,220,,,0,99,,6109,220,,,0,99,,6110,220,,,0,100,,6111,220,,,0,65,,6112,220,,,0,30,,6093,220,,,0,70,,6113,220,,,0,30,,6102,220,,,0,71,,6115,220,,,0,29,,6094,220,,,0,105,,6103,220,,,0,99,,6104,220,,,0,98,,6105,220,,,0,100,,6106,220,,,0,100,,6107,220,,,0
2001,'TM-A26-TM_GTFS-Semaine-01',535,,6121,220,,,0,100,,6122,220,,,0,70,,6118,220,,,0,30,,6123,220,,,0,72,,6142,220,,,0,30,,6124,220,,,0,70,,6140,220,,,0,30,,6125,220,,,0,100,,6126,220,,,0,101,,6117,220,,,0,100,,6127,220,,,0,100,,6134,220,,,0,99,,6135,220,,,0,99,,6136,220,,,0,100,,6137,220,,,0,65,,6138,220,,,0,30,,6119,220,,,0,70,,6139,220,,,0,30,,6128,220,,,0,71,,6141,220,,,0,29,,6120,220,,,0,105,,6129,220,,,0,99,,6130,220,,,0,98,,6131,220,,,0,100,,6132,220,,,0,100,,6133,220,,,0
2001,'TM-A26-TM_GTFS-Week-end-01',633,,6149,220,,,0,101,,6150,220,,,0,101,,6151,220,,,0,100,,6152,220,,,0,101,,6143,220,,,0,101,,6144,220,,,0,100,,6153,220,,,0,101,,6154,220,,,0,100,,6155,220,,,0,99,,6145,220,,,0,100,,6146,220,,,0,99,,6147,220,,,0,99,,6148,220,,,0,100,,6156,220,,,0,100,,6157,220,,,0,100,,6158,220,,,0,99,,6159,220,,,0,100,,6160,220,,,0,100,,6161,220,,,0
2100,'TM-A26-TM_GTFS-Fête-2-01',635,,6163,310,0,5,0,94,,6162,530,0,5,0,100,,6164,530,0,5,0,100,,6165,530,0,5,0
2100,'TM-A26-TM_GTFS-Semaine-01',635,,6167,310,0,5,0,94,,6166,530,0,5,0,100,,6168,530,0,5,0,100,,6169,530,0,5,0
2101,'TM-A26-TM_GTFS-Fête-2-01',1636,,6172,530,0,5,0,99,,6171,530,0,5,0,100,,6170,530,0,5,0
2101,'TM-A26-TM_GTFS-Semaine-01',1636,,6175,530,0,5,0,99,,6174,530,0,5,0,100,,6173,530,0,5,0
2701,'TM-A26-TM_GTFS-Semaine-01',559,,6280,180,,,0,98,,6283,180,,,0,100,,6284,180,,,0,100,,6285,270,,,0,769,,6281,270,,,0,103,,6282,270,,,0,100,,6286,270,,,0
