100,'TM-A26-TM_GTFS-Fête-1-01',647,,4703,640,,,0,97,,4704,930,,,0,100,,4705,930,,,0,102,,4706,930,,,0,100,,4707,930,,,0,100,,4708,930,,,0,100,,4709,930,,,0,100,,4710,930,,,0,98,,4711,940,,,0,100,,4712,940,,,0,100,,4713,940,,,0,100,,4714,940,,,0,99,,4715,940,,,0,100,,4716,940,,,0,99,,4717,940,,,0,100,,4718,940,,,0,99,,4719,940,,,0,100,,4720,940,,,0,100,,4721,940,,,0
100,'TM-A26-TM_GTFS-Fête-2-01',514,,4724,270,,,0,30,,4725,270,,,0,68,,4723,870,,,0,30,,4751,870,,,0,70,,4749,870,,,0,30,,4741,870,,,0,70,,4750,870,,,0,30,,4729,870,,,0,70,,4746,870,,,0,30,,4730,870,,,0,100,,4731,870,,,0,100,,4732,870,,,0,100,,4733,870,,,0,100,,4734,870,,,0,100,,4735,870,,,0,100,,4736,870,,,0,70,,4747,870,,,0,30,,4737,870,,,0,70,,4748,870,,,0,30,,4739,870,,,0,68,,4727,870,,,0,30,,4738,870,,,0,69,,4726,870,,,0,29,,4740,870,,,0,70,,4728,870,,,0,30,,4742,870,,,0,100,,4752,870,,,0,100,,4753,870,,,0,100,,4743,870,,,0,100,,4744,870,,,0
100,'TM-A26-TM_GTFS-Semaine-01',514,,4755,270,,,0,30,,4756,270,,,0,68,,4754,870,,,0,30,,4782,870,,,0,70,,4780,870,,,0,30,,4772,870,,,0,70,,4781,870,,,0,30,,4760,870,,,0,70,,4777,870,,,0,30,,4761,870,,,0,100,,4762,870,,,0,100,,4763,870,,,0,100,,4764,870,,,0,100,,4765,870,,,0,100,,4766,870,,,0,100,,4767,870,,,0,70,,4778,870,,,0,30,,4768,870,,,0,70,,4779,870,,,0,30,,4770,870,,,0,68,,4758,870,,,0,30,,4769,870,,,0,69,,4757,870,,,0,29,,4771,870,,,0,70,,4759,870,,,0,30,,4773,870,,,0,100,,4783,870,,,0,100,,4784,870,,,0,100,,4774,870,,,0,100,,4775,870,,,0
100,'TM-A26-TM_GTFS-Week-end-01',647,,4785,640,,,0,97,,4786,930,,,0,100,,4787,930,,,0,102,,4788,930,,,0,100,,4789,930,,,0,100,,4790,930,,,0,100,,4791,930,,,0,100,,4792,930,,,0,98,,4793,940,,,0,100,,4794,940,,,0,100,,4795,940,,,0,100,,4796,940,,,0,99,,4797,940,,,0,100,,4798,940,,,0,99,,4799,940,,,0,100,,4800,940,,,0,99,,4801,940,,,0,100,,4802,940,,,0,100,,4803,940,,,0
401,'TM-A26-TM_GTFS-Fête-2-01',542,,4936,90,,,0,100,,4938,90,,,0,100,,4937,90,,,0,101,,4935,90,,,0,1074,,4939,90,,,0
401,'TM-A26-TM_GTFS-Semaine-01',542,,4941,90,,,0,100,,4943,90,,,0,100,,4942,90,,,0,101,,4940,90,,,0,1074,,4944,90,,,0
800,'TM-A26-TM_GTFS-Fête-1-01',622,,4951,240,,,0,99,,4952,540,,,0,100,,4953,540,,,0,100,,4954,540,,,0,101,,4955,540,,,0,100,,4956,540,,,0,100,,4957,540,,,0,100,,4958,540,,,0,100,,4959,540,,,0,100,,4960,540,,,0,100,,4961,540,,,0,100,,4962,540,,,0,99,,4963,540,,,0,100,,4964,540,,,0,100,,4965,540,,,0,100,,4966,540,,,0,100,,4967,540,,,0,100,,4968,540,,,0,100,,4969,540,,,0
800,'TM-A26-TM_GTFS-Fête-2-01',622,,4982,540,,,0,102,,4977,540,,,0,100,,4973,540,,,0,99,,4974,540,,,0,100,,4980,540,,,0,100,,4981,540,,,0,100,,4971,540,,,0,100,,4972,540,,,0,100,,4978,540,,,0,102,,4983,540,,,0,100,,4979,540,,,0,100,,4975,540,,,0,97,,4976,540,,,0,100,,4984,540,,,0,100,,4985,540,,,0,100,,4986,540,,,0,100,,4987,540,,,0,100,,4988,540,,,0,99,,4989,540,,,0
800,'TM-A26-TM_GTFS-Semaine-01',622,,5002,540,,,0,102,,4997,540,,,0,100,,4993,540,,,0,99,,4994,540,,,0,100,,5000,540,,,0,100,,5001,540,,,0,100,,4991,540,,,0,100,,4992,540,,,0,100,,4998,540,,,0,102,,5003,540,,,0,100,,4999,540,,,0,100,,4995,540,,,0,97,,4996,540,,,0,100,,5004,540,,,0,100,,5005,540,,,0,100,,5006,540,,,0,100,,5007,540,,,0,100,,5008,540,,,0,99,,5009,540,,,0
800,'TM-A26-TM_GTFS-Week-end-01',622,,5011,240,,,0,99,,5012,540,,,0,100,,5013,540,,,0,100,,5014,540,,,0,101,,5015,540,,,0,100,,5016,540,,,0,100,,5017,540,,,0,100,,5018,540,,,0,100,,5019,540,,,0,100,,5020,540,,,0,100,,5021,540,,,0,100,,5022,540,,,0,99,,5023,540,,,0,100,,5024,540,,,0,100,,5025,540,,,0,100,,5026,540,,,0,100,,5027,540,,,0,100,,5028,540,,,0,100,,5029,540,,,0
1801,'TM-A26-TM_GTFS-Fête-2-01',641,,5647,630,0,6 7,0,100,,5648,630,0,6 7,0,93,,5656,630,0,6 7,0,107,,5649,630,0,6 7,0,200,,5650,630,0,6 7,0,200,,5651,630,0,6 7,0,200,,5652,630,0,6 7,0,103,,5646,630,0,6 7,0,100,,5654,630,0,6 7,0,95,,5653,630,0,6 7,0,197,,5645,630,0,6 7,0,200,,5655,630,0,6 7,0
1801,'TM-A26-TM_GTFS-Semaine-01',641,,5660,630,0,6 7,0,100,,5661,630,0,6 7,0,93,,5669,630,0,6 7,0,107,,5662,630,0,6 7,0,200,,5663,630,0,6 7,0,200,,5664,630,0,6 7,0,200,,5665,630,0,6 7,0,103,,5659,630,0,6 7,0,100,,5667,630,0,6 7,0,95,,5666,630,0,6 7,0,197,,5658,630,0,6 7,0,200,,5668,630,0,6 7,0
