1400,'TM-A26-TM_GTFS-Fête-1-01',629,,5259,170,,,0,100,,5264,170,,,0,99,,5262,170,,,0,98,,5276,170,,,0,99,,5271,170,,,0,100,,5269,170,,,0,100,,5272,170,,,0,100,,5270,170,,,0,100,,5273,170,,,0,102,,5277,170,,,0,100,,5274,170,,,0,100,,5278,170,,,0,100,,5275,170,,,0,100,,5261,170,,,0,100,,5265,170,,,0,100,,5268,170,,,0,101,,5266,170,,,0,102,,5263,170,,,0,100,,5267,170,,,0,100,,5260,170,,,0
1400,'TM-A26-TM_GTFS-Fête-2-01',517,,5294,170,,,0,31,,5287,170,,,0,70,,5295,170,,,0,30,,5300,170,,,0,67,,5288,170,,,0,31,,5296,170,,,0,70,,5286,170,,,0,34,,5289,170,,,0,70,,5297,170,,,0,32,,5290,170,,,0,100,,5301,170,,,0,100,,5303,170,,,0,100,,5302,170,,,0,100,,5279,170,,,0,100,,5284,170,,,0,100,,5280,170,,,0,70,,5298,170,,,0,30,,5285,170,,,0,70,,5281,170,,,0,30,,5304,170,,,0,72,,5291,170,,,0,30,,5282,170,,,0,102,,5305,170,,,0,101,,5283,170,,,0,100,,5292,170,,,0,102,,5299,170,,,0,141,,5293,170,,,0,59,,5306,170,,,0
1400,'TM-A26-TM_GTFS-Semaine-01',517,,5322,170,,,0,31,,5315,170,,,0,70,,5323,170,,,0,30,,5328,170,,,0,67,,5316,170,,,0,31,,5324,170,,,0,70,,5314,170,,,0,34,,5317,170,,,0,70,,5325,170,,,0,32,,5318,170,,,0,100,,5329,170,,,0,100,,5331,170,,,0,100,,5330,170,,,0,100,,5307,170,,,0,100,,5312,170,,,0,100,,5308,170,,,0,70,,5326,170,,,0,30,,5313,170,,,0,70,,5309,170,,,0,30,,5332,170,,,0,72,,5319,170,,,0,30,,5310,170,,,0,102,,5333,170,,,0,101,,5311,170,,,0,100,,5320,170,,,0,102,,5327,170,,,0,141,,5321,170,,,0,59,,5334,170,,,0
1400,'TM-A26-TM_GTFS-Week-end-01',629,,5335,170,,,0,100,,5340,170,,,0,99,,5338,170,,,0,98,,5352,170,,,0,99,,5347,170,,,0,100,,5345,170,,,0,100,,5348,170,,,0,100,,5346,170,,,0,100,,5349,170,,,0,102,,5353,170,,,0,100,,5350,170,,,0,100,,5354,170,,,0,100,,5351,170,,,0,100,,5337,170,,,0,100,,5341,170,,,0,100,,5344,170,,,0,101,,5342,170,,,0,102,,5339,170,,,0,100,,5343,170,,,0,100,,5336,170,,,0
41701,'TM-A26-TM_GTFS-Fête-2-01',1739,,6514,280,,,0,87,,6516,280,,,0,76,,6517,280,,,0,38,,6515,280,,,0
41701,'TM-A26-TM_GTFS-Semaine-01',1739,,6518,280,,,0,87,,6520,280,,,0,76,,6521,280,,,0,38,,6519,280,,,0
2000001501,'TM-A26-TM_GTFS-Fête-2-01',711,,6777,190,,,0,110,,6778,190,,,0,90,,6779,190,,,0,315,,6780,190,,,0
2000001501,'TM-A26-TM_GTFS-Semaine-01',711,,6781,190,,,0,110,,6782,190,,,0,90,,6783,190,,,0,315,,6784,190,,,0
2000041701,'TM-A26-TM_GTFS-Fête-2-01',1345,,6881,280,,,0
2000041701,'TM-A26-TM_GTFS-Semaine-01',1345,,6882,280,,,0
