1100,'TM-A26-TM_GTFS-Fête-1-01',626,,5071,540,,,0,100,,5081,540,,,0,101,,5072,540,,,0,101,,5073,540,,,0,100,,5082,540,,,0,101,,5074,540,,,0,100,,5083,540,,,0,100,,5075,540,,,0,100,,5084,540,,,0,100,,5076,540,,,0,100,,5085,540,,,0,100,,5077,540,,,0,99,,5086,540,,,0,100,,5078,540,,,0,100,,5087,540,,,0,98,,5079,540,,,0,100,,5088,540,,,0,100,,5080,540,,,0,100,,5089,540,,,0,100,,5090,540,,,0
1100,'TM-A26-TM_GTFS-Fête-2-01',556,,5091,540,,,0,70,,5113,540,,,0,30,,5102,540,,,0,70,,5098,540,,,0,30,,5092,540,,,0,70,,5114,540,,,0,30,,5103,540,,,0,71,,5106,540,,,0,101,,5110,540,,,0,100,,5107,540,,,0,100,,5111,540,,,0,100,,5108,540,,,0,101,,5112,540,,,0,100,,5119,540,,,0,30,,5099,540,,,0,70,,5101,540,,,0,30,,5104,540,,,0,70,,5093,540,,,0,30,,5100,540,,,0,70,,5115,540,,,0,30,,5105,540,,,0,69,,5094,540,,,0,28,,5109,540,,,0,70,,5116,540,,,0,100,,5095,540,,,0,100,,5117,540,,,0,100,,5096,540,,,0,100,,5118,540,,,0,100,,5097,540,,,0
1100,'TM-A26-TM_GTFS-Semaine-01',556,,5120,540,,,0,70,,5142,540,,,0,30,,5131,540,,,0,70,,5127,540,,,0,30,,5121,540,,,0,70,,5143,540,,,0,30,,5132,540,,,0,71,,5135,540,,,0,101,,5139,540,,,0,100,,5136,540,,,0,100,,5140,540,,,0,100,,5137,540,,,0,101,,5141,540,,,0,100,,5148,540,,,0,30,,5128,540,,,0,70,,5130,540,,,0,30,,5133,540,,,0,70,,5122,540,,,0,30,,5129,540,,,0,70,,5144,540,,,0,30,,5134,540,,,0,69,,5123,540,,,0,28,,5138,540,,,0,70,,5145,540,,,0,100,,5124,540,,,0,100,,5146,540,,,0,100,,5125,540,,,0,100,,5147,540,,,0,100,,5126,540,,,0
1100,'TM-A26-TM_GTFS-Week-end-01',626,,5149,540,,,0,100,,5159,540,,,0,101,,5150,540,,,0,101,,5151,540,,,0,100,,5160,540,,,0,101,,5152,540,,,0,100,,5161,540,,,0,100,,5153,540,,,0,100,,5162,540,,,0,100,,5154,540,,,0,100,,5163,540,,,0,100,,5155,540,,,0,99,,5164,540,,,0,100,,5156,540,,,0,100,,5165,540,,,0,98,,5157,540,,,0,100,,5166,540,,,0,100,,5158,540,,,0,100,,5167,540,,,0,100,,5168,540,,,0
1101,'TM-A26-TM_GTFS-Fête-1-01',602,,5179,90,,,0,100,,5169,90,,,0,100,,5180,90,,,0,100,,5170,90,,,0,100,,5171,90,,,0,100,,5181,90,,,0,100,,5172,90,,,0,100,,5182,90,,,0,100,,5173,90,,,0,100,,5183,90,,,0,100,,5174,90,,,0,100,,5184,90,,,0,100,,5175,90,,,0,100,,5185,90,,,0,100,,5176,90,,,0,100,,5186,90,,,0,100,,5177,90,,,0,100,,5187,90,,,0,100,,5178,90,,,0
1101,'TM-A26-TM_GTFS-Fête-2-01',600,,5193,90,,,0,30,,5188,90,,,0,70,,5208,90,,,0,30,,5198,90,,,0,70,,5201,90,,,0,100,,5209,90,,,0,57,,5202,90,,,0,102,,5205,90,,,0,100,,5203,90,,,0,100,,5206,90,,,0,100,,5204,90,,,0,97,,5207,90,,,0,70,,5199,90,,,0,33,,5213,90,,,0,70,,5194,90,,,0,72,,5196,90,,,0,29,,5200,90,,,0,70,,5189,90,,,0,29,,5195,90,,,0,72,,5210,90,,,0,103,,5190,90,,,0,99,,5211,90,,,0,101,,5191,90,,,0,99,,5212,90,,,0,101,,5192,90,,,0
1101,'TM-A26-TM_GTFS-Semaine-01',600,,5219,90,,,0,30,,5214,90,,,0,70,,5234,90,,,0,30,,5224,90,,,0,70,,5227,90,,,0,100,,5235,90,,,0,57,,5228,90,,,0,102,,5231,90,,,0,100,,5229,90,,,0,100,,5232,90,,,0,100,,5230,90,,,0,97,,5233,90,,,0,70,,5225,90,,,0,33,,5239,90,,,0,70,,5220,90,,,0,72,,5222,90,,,0,29,,5226,90,,,0,70,,5215,90,,,0,29,,5221,90,,,0,72,,5236,90,,,0,103,,5216,90,,,0,99,,5237,90,,,0,101,,5217,90,,,0,99,,5238,90,,,0,101,,5218,90,,,0
1101,'TM-A26-TM_GTFS-Week-end-01',602,,5250,90,,,0,100,,5240,90,,,0,100,,5251,90,,,0,100,,5241,90,,,0,100,,5242,90,,,0,100,,5252,90,,,0,100,,5243,90,,,0,100,,5253,90,,,0,100,,5244,90,,,0,100,,5254,90,,,0,100,,5245,90,,,0,100,,5255,90,,,0,100,,5246,90,,,0,100,,5256,90,,,0,100,,5247,90,,,0,100,,5257,90,,,0,100,,5248,90,,,0,100,,5258,90,,,0,100,,5249,90,,,0
4000,'TM-A26-TM_GTFS-Fête-1-01',725,,6434,260,,,0,396,,6435,260,,,0,500,,6436,260,,,0
4000,'TM-A26-TM_GTFS-Week-end-01',725,,6437,260,,,0,396,,6438,260,,,0,500,,6439,260,,,0
4001,'TM-A26-TM_GTFS-Fête-1-01',811,,6440,110,,,0,402,,6441,110,,,0,498,,6442,110,,,0
4001,'TM-A26-TM_GTFS-Week-end-01',811,,6443,110,,,0,402,,6444,110,,,0,498,,6445,110,,,0
