2000,'TM-A26-TM_GTFS-Fête-1-01',713,,5991,320,4,,0,100,,5992,320,4,,0,101,,5993,320,4,,0,102,,5982,320,4,,0,100,,5983,320,4,,0,100,,5984,320,4,,0,101,,5985,320,4,,0,100,,5986,320,4,,0,100,,5987,320,4,,0,100,,5988,320,4,,0,99,,5989,320,4,,0,100,,5990,320,4,,0,98,,5994,320,4,,0,100,,5995,320,4,,0,100,,5996,320,4,,0,100,,5997,320,4,,0,98,,5998,320,4,,0,100,,5999,320,4,,0,99,,6000,320,4,,0
2000,'TM-A26-TM_GTFS-Fête-2-01',613,,6007,320,4,,0,30,,6002,320,4,,0,70,,6008,320,4,,0,32,,6026,320,4,,0,70,,6009,320,4,,0,30,,6024,320,4,,0,71,,6010,320,4,,0,100,,6011,320,4,,0,100,,6012,320,4,,0,100,,6013,320,4,,0,103,,6017,320,4,,0,100,,6001,320,4,,0,100,,6016,320,4,,0,100,,6003,320,4,,0,30,,6005,320,4,,0,70,,6004,320,4,,0,28,,6023,320,4,,0,70,,6014,320,4,,0,29,,6025,320,4,,0,70,,6006,320,4,,0,98,,6015,320,4,,0,100,,6018,320,4,,0,100,,6019,320,4,,0,98,,6020,320,4,,0,100,,6021,320,4,,0,98,,6022,320,4,,0
2000,'TM-A26-TM_GTFS-Semaine-01',613,,6033,320,4,,0,30,,6028,320,4,,0,70,,6034,320,4,,0,32,,6052,320,4,,0,70,,6035,320,4,,0,30,,6050,320,4,,0,71,,6036,320,4,,0,100,,6037,320,4,,0,100,,6038,320,4,,0,100,,6039,320,4,,0,103,,6043,320,4,,0,100,,6027,320,4,,0,100,,6042,320,4,,0,100,,6029,320,4,,0,30,,6031,320,4,,0,70,,6030,320,4,,0,28,,6049,320,4,,0,70,,6040,320,4,,0,29,,6051,320,4,,0,70,,6032,320,4,,0,98,,6041,320,4,,0,100,,6044,320,4,,0,100,,6045,320,4,,0,98,,6046,320,4,,0,100,,6047,320,4,,0,98,,6048,320,4,,0
2000,'TM-A26-TM_GTFS-Week-end-01',713,,6062,320,4,,0,100,,6063,320,4,,0,101,,6064,320,4,,0,102,,6053,320,4,,0,100,,6054,320,4,,0,100,,6055,320,4,,0,101,,6056,320,4,,0,100,,6057,320,4,,0,100,,6058,320,4,,0,100,,6059,320,4,,0,99,,6060,320,4,,0,100,,6061,320,4,,0,98,,6065,320,4,,0,100,,6066,320,4,,0,100,,6067,320,4,,0,100,,6068,320,4,,0,98,,6069,320,4,,0,100,,6070,320,4,,0,99,,6071,320,4,,0
2001,'TM-A26-TM_GTFS-Fête-1-01',618,,6078,10,,,0,100,,6079,10,,,0,100,,6080,10,,,0,100,,6081,10,,,0,100,,6072,10,,,0,100,,6073,10,,,0,100,,6082,10,,,0,101,,6083,10,,,0,100,,6084,10,,,0,100,,6074,10,,,0,100,,6075,10,,,0,100,,6076,10,,,0,100,,6077,10,,,0,100,,6085,10,,,0,100,,6086,10,,,0,100,,6087,10,,,0,100,,6088,10,,,0,100,,6089,10,,,0,100,,6090,10,,,0
2001,'TM-A26-TM_GTFS-Fête-2-01',519,,6095,10,,,0,99,,6096,10,,,0,30,,6092,10,,,0,70,,6097,10,,,0,32,,6116,10,,,0,70,,6098,10,,,0,30,,6114,10,,,0,70,,6099,10,,,0,100,,6100,10,,,0,100,,6091,10,,,0,100,,6101,10,,,0,100,,6108,10,,,0,98,,6109,10,,,0,99,,6110,10,,,0,100,,6111,10,,,0,25,,6112,10,,,0,71,,6093,10,,,0,30,,6113,10,,,0,70,,6102,10,,,0,31,,6115,10,,,0,71,,6094,10,,,0,105,,6103,10,,,0,99,,6104,10,,,0,100,,6105,10,,,0,100,,6106,10,,,0,100,,6107,10,,,0
2001,'TM-A26-TM_GTFS-Semaine-01',519,,6121,10,,,0,99,,6122,10,,,0,30,,6118,10,,,0,70,,6123,10,,,0,32,,6142,10,,,0,70,,6124,10,,,0,30,,6140,10,,,0,70,,6125,10,,,0,100,,6126,10,,,0,100,,6117,10,,,0,100,,6127,10,,,0,100,,6134,10,,,0,98,,6135,10,,,0,99,,6136,10,,,0,100,,6137,10,,,0,25,,6138,10,,,0,71,,6119,10,,,0,30,,6139,10,,,0,70,,6128,10,,,0,31,,6141,10,,,0,71,,6120,10,,,0,105,,6129,10,,,0,99,,6130,10,,,0,100,,6131,10,,,0,100,,6132,10,,,0,100,,6133,10,,,0
2001,'TM-A26-TM_GTFS-Week-end-01',618,,6149,10,,,0,100,,6150,10,,,0,100,,6151,10,,,0,100,,6152,10,,,0,100,,6143,10,,,0,100,,6144,10,,,0,100,,6153,10,,,0,101,,6154,10,,,0,100,,6155,10,,,0,100,,6145,10,,,0,100,,6146,10,,,0,100,,6147,10,,,0,100,,6148,10,,,0,100,,6156,10,,,0,100,,6157,10,,,0,100,,6158,10,,,0,100,,6159,10,,,0,100,,6160,10,,,0,100,,6161,10,,,0
2000002600,'TM-A26-TM_GTFS-Fête-2-01',1321,,6801,10,,,0,302,,6802,10,,,0,98,,6803,10,,,0,98,,6804,10,,,0
2000002600,'TM-A26-TM_GTFS-Semaine-01',1321,,6805,10,,,0,302,,6806,10,,,0,98,,6807,10,,,0,98,,6808,10,,,0
2000002601,'TM-A26-TM_GTFS-Fête-2-01',613,,6809,80,4,,0,100,,6810,80,4,,0,100,,6811,80,4,,0,401,,6812,80,4,,0
2000002601,'TM-A26-TM_GTFS-Semaine-01',613,,6813,80,4,,0,100,,6814,80,4,,0,100,,6815,80,4,,0,401,,6816,80,4,,0
