200,'TM-A26-TM_GTFS-Fête-1-01',716,,4805,370,,,0,204,,4806,370,,,0,200,,4807,370,,,0,200,,4808,370,,,0,200,,4809,370,,,0,196,,4810,370,,,0,200,,4811,370,,,0,200,,4812,370,,,0,200,,4813,370,,,0,198,,4814,370,0,12,0
200,'TM-A26-TM_GTFS-Fête-2-01',547,,4816,180,,,0,67,,4833,350,,,0,32,,4827,350,,,0,70,,4834,350,,,0,33,,4828,350,,,0,70,,4835,350,,,0,30,,4829,350,,,0,170,,4823,350,,,0,200,,4824,350,,,0,200,,4825,350,0,8 7,0,101,,4822,350,,,0,103,,4831,350,,,0,30,,4830,350,,,0,70,,4832,350,,,0,30,,4826,350,,,0,97,,4815,350,,,0,170,,4821,350,,,0,95,,4818,350,,,0,100,,4817,350,,,0,100,,4819,350,,,0,197,,4820,350,0,12,0
200,'TM-A26-TM_GTFS-Semaine-01',547,,4837,180,,,0,67,,4854,350,,,0,32,,4848,350,,,0,70,,4855,350,,,0,33,,4849,350,,,0,70,,4856,350,,,0,30,,4850,350,,,0,170,,4844,350,,,0,200,,4845,350,,,0,200,,4846,350,0,8 7,0,101,,4843,350,,,0,103,,4852,350,,,0,30,,4851,350,,,0,70,,4853,350,,,0,30,,4847,350,,,0,97,,4836,350,,,0,170,,4842,350,,,0,95,,4839,350,,,0,100,,4838,350,,,0,100,,4840,350,,,0,197,,4841,350,0,12,0
200,'TM-A26-TM_GTFS-Week-end-01',716,,4857,370,,,0,204,,4858,370,,,0,200,,4859,370,,,0,200,,4860,370,,,0,200,,4861,370,,,0,196,,4862,370,,,0,200,,4863,370,,,0,200,,4864,370,,,0,200,,4865,370,,,0,198,,4866,370,0,12,0
2000,'TM-A26-TM_GTFS-Fête-1-01',706,,5991,230,,,0,100,,5992,230,,,0,101,,5993,230,,,0,102,,5982,230,,,0,100,,5983,230,,,0,100,,5984,230,,,0,101,,5985,230,,,0,100,,5986,230,,,0,100,,5987,230,,,0,100,,5988,230,,,0,99,,5989,230,,,0,100,,5990,230,,,0,98,,5994,230,,,0,100,,5995,230,,,0,100,,5996,230,,,0,100,,5997,230,,,0,99,,5998,230,,,0,100,,5999,230,,,0,99,,6000,230,,,0
2000,'TM-A26-TM_GTFS-Fête-2-01',606,,6007,230,,,0,30,,6002,230,,,0,70,,6008,230,,,0,31,,6026,230,,,0,70,,6009,230,,,0,30,,6024,230,,,0,71,,6010,230,,,0,100,,6011,230,,,0,100,,6012,230,,,0,100,,6013,230,,,0,102,,6017,230,,,0,100,,6001,230,,,0,100,,6016,230,,,0,100,,6003,230,,,0,30,,6005,230,,,0,70,,6004,230,,,0,29,,6023,230,,,0,70,,6014,230,,,0,29,,6025,230,,,0,70,,6006,230,,,0,99,,6015,230,,,0,100,,6018,230,,,0,100,,6019,230,,,0,98,,6020,230,,,0,100,,6021,230,,,0,100,,6022,230,,,0
2000,'TM-A26-TM_GTFS-Semaine-01',606,,6033,230,,,0,30,,6028,230,,,0,70,,6034,230,,,0,31,,6052,230,,,0,70,,6035,230,,,0,30,,6050,230,,,0,71,,6036,230,,,0,100,,6037,230,,,0,100,,6038,230,,,0,100,,6039,230,,,0,102,,6043,230,,,0,100,,6027,230,,,0,100,,6042,230,,,0,100,,6029,230,,,0,30,,6031,230,,,0,70,,6030,230,,,0,29,,6049,230,,,0,70,,6040,230,,,0,29,,6051,230,,,0,70,,6032,230,,,0,99,,6041,230,,,0,100,,6044,230,,,0,100,,6045,230,,,0,98,,6046,230,,,0,100,,6047,230,,,0,100,,6048,230,,,0
2000,'TM-A26-TM_GTFS-Week-end-01',706,,6062,230,,,0,100,,6063,230,,,0,101,,6064,230,,,0,102,,6053,230,,,0,100,,6054,230,,,0,100,,6055,230,,,0,101,,6056,230,,,0,100,,6057,230,,,0,100,,6058,230,,,0,100,,6059,230,,,0,99,,6060,230,,,0,100,,6061,230,,,0,98,,6065,230,,,0,100,,6066,230,,,0,100,,6067,230,,,0,100,,6068,230,,,0,99,,6069,230,,,0,100,,6070,230,,,0,99,,6071,230,,,0
2100,'TM-A26-TM_GTFS-Fête-2-01',705,,6162,200,0,5,0,100,,6164,200,0,5,0,100,,6165,200,0,5,0
2100,'TM-A26-TM_GTFS-Semaine-01',705,,6166,200,0,5,0,100,,6168,200,0,5,0,100,,6169,200,0,5,0
2201,'TM-A26-TM_GTFS-Semaine-01',1205,,6179,270,,,0,109,,6180,270,,,0,193,,6184,270,,,0,117,,6181,270,,,0,113,,6182,270,,,0,97,,6183,270,,,0
