2000001200,'TM-A26-TM_GTFS-Fête-2-01',1210,,6739,10,,,0,390,,6740,10,,,0,215,,6741,10,,,0
2000001200,'TM-A26-TM_GTFS-Semaine-01',1210,,6742,10,,,0,390,,6743,10,,,0,215,,6744,10,,,0
2000001201,'TM-A26-TM_GTFS-Fête-2-01',830,,6745,110,4,,0,100,,6746,110,4,,0,315,,6747,110,4,,0
2000001201,'TM-A26-TM_GTFS-Semaine-01',830,,6748,110,4,,0,100,,6749,110,4,,0,315,,6750,110,4,,0
2000001300,'TM-A26-TM_GTFS-Fête-2-01',1215,,6754,10,,,0,400,,6751,10,,,0,100,,6755,10,,,0,30,,6752,10,,,0,70,,6753,10,,,0
2000001300,'TM-A26-TM_GTFS-Semaine-01',1215,,6759,10,,,0,400,,6756,10,,,0,100,,6760,10,,,0,30,,6757,10,,,0,70,,6758,10,,,0
2000001301,'TM-A26-TM_GTFS-Fête-2-01',735,,6761,180,4,,0,100,,6762,180,4,,0,100,,6763,180,4,,0,200,,6764,180,4,,0
2000001301,'TM-A26-TM_GTFS-Semaine-01',735,,6765,180,4,,0,100,,6766,180,4,,0,100,,6767,180,4,,0,200,,6768,180,4,,0
2000001500,'TM-A26-TM_GTFS-Fête-2-01',1215,,6769,10,,,0,400,,6770,10,,,0,100,,6771,10,,,0,100,,6772,10,,,0
2000001500,'TM-A26-TM_GTFS-Semaine-01',1215,,6773,10,,,0,400,,6774,10,,,0,100,,6775,10,,,0,100,,6776,10,,,0
2000001501,'TM-A26-TM_GTFS-Fête-2-01',730,,6777,340,4,,0,110,,6778,340,4,,0,90,,6779,340,4,,0,315,,6780,340,4,,0
2000001501,'TM-A26-TM_GTFS-Semaine-01',730,,6781,340,4,,0,110,,6782,340,4,,0,90,,6783,340,4,,0,315,,6784,340,4,,0
