100,'TM-A26-TM_GTFS-Fête-1-01',629,,4703,320,,,0,96,,4704,610,,,0,100,,4705,610,,,0,101,,4706,610,,,0,100,,4707,610,,,0,100,,4708,610,,,0,100,,4709,610,,,0,100,,4710,610,,,0,104,,4711,680,,,0,100,,4712,680,,,0,100,,4713,680,,,0,100,,4714,680,,,0,99,,4715,680,,,0,100,,4716,680,,,0,99,,4717,680,,,0,100,,4718,680,,,0,99,,4719,680,,,0,100,,4720,680,,,0,100,,4721,680,,,0,100,,4722,680,4,,0
100,'TM-A26-TM_GTFS-Fête-2-01',459,,4724,10,,,0,70,,4725,10,,,0,28,,4723,610,,,0,70,,4751,610,,,0,30,,4749,610,,,0,70,,4741,610,,,0,30,,4750,610,,,0,70,,4729,610,,,0,30,,4746,610,,,0,70,,4730,610,,,0,100,,4731,610,,,0,100,,4732,610,,,0,100,,4733,610,,,0,100,,4734,610,,,0,100,,4735,610,,,0,100,,4736,610,,,0,30,,4747,610,,,0,71,,4737,610,,,0,30,,4748,610,,,0,70,,4739,610,,,0,28,,4727,610,,,0,70,,4738,610,,,0,29,,4726,610,,,0,69,,4740,610,,,0,30,,4728,610,,,0,70,,4742,610,,,0,100,,4752,610,,,0,100,,4753,610,,,0,100,,4743,610,,,0,100,,4744,610,,,0,100,,4745,610,4,,0
100,'TM-A26-TM_GTFS-Semaine-01',459,,4755,10,,,0,70,,4756,10,,,0,28,,4754,610,,,0,70,,4782,610,,,0,30,,4780,610,,,0,70,,4772,610,,,0,30,,4781,610,,,0,70,,4760,610,,,0,30,,4777,610,,,0,70,,4761,610,,,0,100,,4762,610,,,0,100,,4763,610,,,0,100,,4764,610,,,0,100,,4765,610,,,0,100,,4766,610,,,0,100,,4767,610,,,0,30,,4778,610,,,0,71,,4768,610,,,0,30,,4779,610,,,0,70,,4770,610,,,0,28,,4758,610,,,0,70,,4769,610,,,0,29,,4757,610,,,0,69,,4771,610,,,0,30,,4759,610,,,0,70,,4773,610,,,0,100,,4783,610,,,0,100,,4784,610,,,0,100,,4774,610,,,0,100,,4775,610,,,0,100,,4776,610,4,,0
100,'TM-A26-TM_GTFS-Week-end-01',629,,4785,320,,,0,96,,4786,610,,,0,100,,4787,610,,,0,101,,4788,610,,,0,100,,4789,610,,,0,100,,4790,610,,,0,100,,4791,610,,,0,100,,4792,610,,,0,104,,4793,680,,,0,100,,4794,680,,,0,100,,4795,680,,,0,100,,4796,680,,,0,99,,4797,680,,,0,100,,4798,680,,,0,99,,4799,680,,,0,100,,4800,680,,,0,99,,4801,680,,,0,100,,4802,680,,,0,100,,4803,680,,,0,100,,4804,680,4,,0
1400,'TM-A26-TM_GTFS-Fête-1-01',640,,5259,340,,,0,100,,5264,340,,,0,99,,5262,340,,,0,99,,5276,340,,,0,99,,5271,340,,,0,100,,5269,340,,,0,99,,5272,340,,,0,100,,5270,340,,,0,100,,5273,340,,,0,102,,5277,340,,,0,100,,5274,340,,,0,100,,5278,340,,,0,100,,5275,340,,,0,100,,5261,340,,,0,100,,5265,340,,,0,100,,5268,340,,,0,100,,5266,340,,,0,101,,5263,340,,,0,100,,5267,340,,,0,100,,5260,340,,,0
1400,'TM-A26-TM_GTFS-Fête-2-01',530,,5294,340,,,0,71,,5287,340,,,0,31,,5295,340,,,0,72,,5300,340,,,0,27,,5288,340,,,0,70,,5296,340,,,0,30,,5286,340,,,0,71,,5289,340,,,0,30,,5297,340,,,0,72,,5290,340,,,0,100,,5301,340,,,0,100,,5303,340,,,0,100,,5302,340,,,0,100,,5279,340,,,0,100,,5284,340,,,0,99,,5280,340,,,0,30,,5298,340,,,0,70,,5285,340,,,0,30,,5281,340,,,0,70,,5304,340,,,0,32,,5291,340,,,0,70,,5282,340,,,0,102,,5305,340,,,0,101,,5283,340,,,0,100,,5292,340,,,0,100,,5299,340,,,0,101,,5293,340,,,0,99,,5306,340,,,0
1400,'TM-A26-TM_GTFS-Semaine-01',530,,5322,340,,,0,71,,5315,340,,,0,31,,5323,340,,,0,72,,5328,340,,,0,27,,5316,340,,,0,70,,5324,340,,,0,30,,5314,340,,,0,71,,5317,340,,,0,30,,5325,340,,,0,72,,5318,340,,,0,100,,5329,340,,,0,100,,5331,340,,,0,100,,5330,340,,,0,100,,5307,340,,,0,100,,5312,340,,,0,99,,5308,340,,,0,30,,5326,340,,,0,70,,5313,340,,,0,30,,5309,340,,,0,70,,5332,340,,,0,32,,5319,340,,,0,70,,5310,340,,,0,102,,5333,340,,,0,101,,5311,340,,,0,100,,5320,340,,,0,100,,5327,340,,,0,101,,5321,340,,,0,99,,5334,340,,,0
1400,'TM-A26-TM_GTFS-Week-end-01',640,,5335,340,,,0,100,,5340,340,,,0,99,,5338,340,,,0,99,,5352,340,,,0,99,,5347,340,,,0,100,,5345,340,,,0,99,,5348,340,,,0,100,,5346,340,,,0,100,,5349,340,,,0,102,,5353,340,,,0,100,,5350,340,,,0,100,,5354,340,,,0,100,,5351,340,,,0,100,,5337,340,,,0,100,,5341,340,,,0,100,,5344,340,,,0,100,,5342,340,,,0,101,,5339,340,,,0,100,,5343,340,,,0,100,,5336,340,,,0
1701,'TM-A26-TM_GTFS-Fête-1-01',630,,5541,550,,,0,101,,5532,550,,,0,100,,5523,550,,,0,100,,5533,550,,,0,100,,5524,550,,,0,100,,5534,550,,,0,100,,5525,550,,,0,100,,5535,550,,,0,100,,5526,550,,,0,100,,5536,550,,,0,100,,5527,550,,,0,99,,5537,550,,,0,100,,5528,550,,,0,100,,5538,550,,,0,99,,5529,550,,,0,100,,5539,550,,,0,100,,5530,550,,,0,100,,5540,550,,,0,100,,5531,550,,,0
1701,'TM-A26-TM_GTFS-Fête-2-01',531,,5545,550,,,0,102,,5554,550,,,0,94,,5546,550,,,0,104,,5555,550,,,0,99,,5547,550,,,0,99,,5556,550,,,0,100,,5548,550,,,0,100,,5557,550,,,0,100,,5549,550,,,0,100,,5558,550,,,0,101,,5550,550,,,0,100,,5559,550,,,0,104,,5551,550,,,0,97,,5542,550,,,0,95,,5552,550,,,0,100,,5543,550,,,0,100,,5553,550,,,0,100,,5544,550,,,0,100,,5560,550,,,0,100,,5561,550,,,0
1701,'TM-A26-TM_GTFS-Semaine-01',531,,5565,550,,,0,102,,5574,550,,,0,94,,5566,550,,,0,104,,5575,550,,,0,99,,5567,550,,,0,99,,5576,550,,,0,100,,5568,550,,,0,100,,5577,550,,,0,100,,5569,550,,,0,100,,5578,550,,,0,101,,5570,550,,,0,100,,5579,550,,,0,104,,5571,550,,,0,97,,5562,550,,,0,95,,5572,550,,,0,100,,5563,550,,,0,100,,5573,550,,,0,100,,5564,550,,,0,100,,5580,550,,,0,100,,5581,550,,,0
1701,'TM-A26-TM_GTFS-Week-end-01',630,,5600,550,,,0,101,,5591,550,,,0,100,,5582,550,,,0,100,,5592,550,,,0,100,,5583,550,,,0,100,,5593,550,,,0,100,,5584,550,,,0,100,,5594,550,,,0,100,,5585,550,,,0,100,,5595,550,,,0,100,,5586,550,,,0,99,,5596,550,,,0,100,,5587,550,,,0,100,,5597,550,,,0,99,,5588,550,,,0,100,,5598,550,,,0,100,,5589,550,,,0,100,,5599,550,,,0,100,,5590,550,,,0
1800,'TM-A26-TM_GTFS-Fête-1-01',723,,5604,470,,,0,100,,5605,470,,,0,100,,5606,470,,,0,399,,5607,470,,,0,201,,5601,470,,,0,100,,5602,470,,,0,100,,5603,470,,,0,299,,5608,470,,,0
1800,'TM-A26-TM_GTFS-Fête-2-01',553,,5609,160,,,0,102,,5618,470,,,0,100,,5610,470,,,0,70,,5614,470,,,0,29,,5611,470,,,0,170,,5615,470,,,0,200,,5616,470,,,0,200,,5617,470,,,0,129,,5612,470,,,0,100,,5621,470,,,0,100,,5622,470,,,0,71,,5619,210,,,0,98,,5620,470,,,0,200,,5613,470,,,0
1800,'TM-A26-TM_GTFS-Semaine-01',553,,5623,160,,,0,102,,5632,470,,,0,100,,5624,470,,,0,70,,5628,470,,,0,29,,5625,470,,,0,170,,5629,470,,,0,200,,5630,470,,,0,200,,5631,470,,,0,129,,5626,470,,,0,100,,5635,470,,,0,100,,5636,470,,,0,71,,5633,210,,,0,98,,5634,470,,,0,200,,5627,470,,,0
1800,'TM-A26-TM_GTFS-Week-end-01',723,,5640,470,,,0,100,,5641,470,,,0,100,,5642,470,,,0,399,,5643,470,,,0,201,,5637,470,,,0,100,,5638,470,,,0,100,,5639,470,,,0,299,,5644,470,,,0
2301,'TM-A26-TM_GTFS-Fête-2-01',759,,6197,120,,,0,142,,6200,120,,,0,799,,6198,120,,,0,135,,6199,120,,,0
2301,'TM-A26-TM_GTFS-Semaine-01',759,,6201,120,,,0,142,,6204,120,,,0,356,,6206,120,,,0,200,,6205,120,,,0,243,,6202,120,,,0,135,,6203,120,,,0
