200,'TM-A26-TM_GTFS-Fête-1-02',700,,6985,130,,,0,202,,6986,130,,,0,200,,6987,130,,,0,200,,6988,130,,,0,200,,6989,130,,,0,198,,6990,130,,,0,200,,6991,130,,,0,200,,6992,130,,,0,200,,6993,130,,,0,200,,6994,130,0,12,0
200,'TM-A26-TM_GTFS-Fête-2-02',600,,7013,130,,,0,30,,7007,130,,,0,70,,7014,130,,,0,31,,7008,130,,,0,70,,7015,130,,,0,30,,7009,130,,,0,170,,7003,130,,,0,200,,7004,130,,,0,200,,7005,130,0,8 7,0,101,,7002,130,,,0,102,,7011,130,,,0,30,,7010,130,,,0,70,,7012,130,,,0,30,,7006,130,,,0,98,,6995,130,,,0,170,,7001,130,,,0,98,,6998,130,,,0,100,,6997,130,,,0,100,,6999,130,,,0,159,,7000,130,0,12,0
200,'TM-A26-TM_GTFS-Semaine-02',600,,7034,130,,,0,30,,7028,130,,,0,70,,7035,130,,,0,31,,7029,130,,,0,70,,7036,130,,,0,30,,7030,130,,,0,170,,7024,130,,,0,200,,7025,130,,,0,200,,7026,130,0,8 7,0,101,,7023,130,,,0,102,,7032,130,,,0,30,,7031,130,,,0,70,,7033,130,,,0,30,,7027,130,,,0,98,,7016,130,,,0,170,,7022,130,,,0,98,,7019,130,,,0,100,,7018,130,,,0,100,,7020,130,,,0,159,,7021,130,0,12,0
200,'TM-A26-TM_GTFS-Week-end-02',700,,7037,130,,,0,202,,7038,130,,,0,200,,7039,130,,,0,200,,7040,130,,,0,200,,7041,130,,,0,198,,7042,130,,,0,200,,7043,130,,,0,200,,7044,130,,,0,200,,7045,130,,,0,200,,7046,130,0,12,0
2000,'TM-A26-TM_GTFS-Fête-1-02',700,,8171,130,,,0,100,,8172,130,,,0,101,,8173,130,,,0,100,,8162,130,,,0,100,,8163,130,,,0,100,,8164,130,,,0,100,,8165,130,,,0,100,,8166,130,,,0,100,,8167,130,,,0,100,,8168,130,,,0,100,,8169,130,,,0,100,,8170,130,,,0,100,,8174,130,,,0,100,,8175,130,,,0,100,,8176,130,,,0,100,,8177,130,,,0,99,,8178,130,,,0,100,,8179,130,,,0,100,,8180,130,,,0
2000,'TM-A26-TM_GTFS-Fête-2-02',601,,8187,130,,,0,30,,8182,130,,,0,70,,8188,130,,,0,30,,8206,130,,,0,70,,8189,130,,,0,30,,8204,130,,,0,70,,8190,130,,,0,100,,8191,130,,,0,100,,8192,130,,,0,100,,8193,130,,,0,101,,8197,130,,,0,100,,8181,130,,,0,100,,8196,130,,,0,100,,8183,130,,,0,30,,8185,130,,,0,70,,8184,130,,,0,29,,8203,130,,,0,70,,8194,130,,,0,30,,8205,130,,,0,70,,8186,130,,,0,100,,8195,130,,,0,100,,8198,130,,,0,100,,8199,130,,,0,99,,8200,130,,,0,100,,8201,130,,,0,100,,8202,130,,,0
2000,'TM-A26-TM_GTFS-Semaine-02',601,,8213,130,,,0,30,,8208,130,,,0,70,,8214,130,,,0,30,,8232,130,,,0,70,,8215,130,,,0,30,,8230,130,,,0,70,,8216,130,,,0,100,,8217,130,,,0,100,,8218,130,,,0,100,,8219,130,,,0,101,,8223,130,,,0,100,,8207,130,,,0,100,,8222,130,,,0,100,,8209,130,,,0,30,,8211,130,,,0,70,,8210,130,,,0,29,,8229,130,,,0,70,,8220,130,,,0,30,,8231,130,,,0,70,,8212,130,,,0,100,,8221,130,,,0,100,,8224,130,,,0,100,,8225,130,,,0,99,,8226,130,,,0,100,,8227,130,,,0,100,,8228,130,,,0
2000,'TM-A26-TM_GTFS-Week-end-02',700,,8242,130,,,0,100,,8243,130,,,0,101,,8244,130,,,0,100,,8233,130,,,0,100,,8234,130,,,0,100,,8235,130,,,0,100,,8236,130,,,0,100,,8237,130,,,0,100,,8238,130,,,0,100,,8239,130,,,0,100,,8240,130,,,0,100,,8241,130,,,0,100,,8245,130,,,0,100,,8246,130,,,0,100,,8247,130,,,0,100,,8248,130,,,0,99,,8249,130,,,0,100,,8250,130,,,0,100,,8251,130,,,0
2100,'TM-A26-TM_GTFS-Fête-2-02',700,,8342,130,0,5,0,100,,8344,130,0,5,0,100,,8345,130,0,5,0
2100,'TM-A26-TM_GTFS-Semaine-02',700,,8346,130,0,5,0,100,,8348,130,0,5,0,100,,8349,130,0,5,0
2101,'TM-A26-TM_GTFS-Fête-2-02',1602,,8352,130,0,5,0,100,,8351,130,0,5,0,100,,8350,130,0,5,0
2101,'TM-A26-TM_GTFS-Semaine-02',1602,,8355,130,0,5,0,100,,8354,130,0,5,0,100,,8353,130,0,5,0
2700,'TM-A26-TM_GTFS-Semaine-02',724,,8458,130,,,0,100,,8453,130,,,0,707,,8456,130,,,0,101,,8457,130,,,0,100,,8455,130,,,0,98,,8454,130,,,0,100,,8459,130,,,0
