300,'TM-A26-TM_GTFS-Fête-1-02',614,,7047,230,,,0,199,,7048,350,,,0,206,,7049,350,,,0,200,,7050,350,,,0,200,,7051,350,,,0,198,,7052,350,,,0,198,,7053,350,,,0,199,,7054,350,,,0,200,,7055,350,,,0,199,,7056,350,,,0
300,'TM-A26-TM_GTFS-Fête-2-02',519,,7058,230,,,0,96,,7059,350,,,0,30,,7075,350,,,0,71,,7069,350,,,0,30,,7074,350,,,0,71,,7068,350,,,0,100,,7063,350,,,0,201,,7064,350,,,0,200,,7065,350,,,0,130,,7067,350,,,0,105,,7066,350,,,0,97,,7072,350,,,0,68,,7071,350,,,0,30,,7073,350,,,0,70,,7070,350,,,0,97,,7057,350,,,0,128,,7060,350,,,0,100,,7061,350,,,0,269,,7062,350,,,0
300,'TM-A26-TM_GTFS-Semaine-02',519,,7077,230,,,0,96,,7078,350,,,0,30,,7094,350,,,0,71,,7088,350,,,0,30,,7093,350,,,0,71,,7087,350,,,0,100,,7082,350,,,0,201,,7083,350,,,0,200,,7084,350,,,0,130,,7086,350,,,0,105,,7085,350,,,0,97,,7091,350,,,0,68,,7090,350,,,0,30,,7092,350,,,0,70,,7089,350,,,0,97,,7076,350,,,0,128,,7079,350,,,0,100,,7080,350,,,0,269,,7081,350,,,0
300,'TM-A26-TM_GTFS-Week-end-02',614,,7095,230,,,0,199,,7096,350,,,0,206,,7097,350,,,0,200,,7098,350,,,0,200,,7099,350,,,0,198,,7100,350,,,0,198,,7101,350,,,0,199,,7102,350,,,0,200,,7103,350,,,0,199,,7104,350,,,0
2001,'TM-A26-TM_GTFS-Fête-1-02',624,,8258,120,,,0,100,,8259,120,,,0,101,,8260,120,,,0,100,,8261,120,,,0,100,,8252,120,,,0,101,,8253,120,,,0,100,,8262,120,,,0,101,,8263,120,,,0,100,,8264,120,,,0,99,,8254,120,,,0,100,,8255,120,,,0,100,,8256,120,,,0,100,,8257,120,,,0,100,,8265,120,,,0,100,,8266,120,,,0,100,,8267,120,,,0,99,,8268,120,,,0,100,,8269,120,,,0,100,,8270,120,,,0
2001,'TM-A26-TM_GTFS-Fête-2-02',526,,8275,120,,,0,99,,8276,120,,,0,30,,8272,120,,,0,70,,8277,120,,,0,32,,8296,120,,,0,70,,8278,120,,,0,30,,8294,120,,,0,70,,8279,120,,,0,100,,8280,120,,,0,100,,8271,120,,,0,100,,8281,120,,,0,100,,8288,120,,,0,98,,8289,120,,,0,99,,8290,120,,,0,100,,8291,120,,,0,25,,8292,120,,,0,71,,8273,120,,,0,30,,8293,120,,,0,70,,8282,120,,,0,31,,8295,120,,,0,70,,8274,120,,,0,105,,8283,120,,,0,99,,8284,120,,,0,100,,8285,120,,,0,100,,8286,120,,,0,100,,8287,120,,,0
2001,'TM-A26-TM_GTFS-Semaine-02',526,,8301,120,,,0,99,,8302,120,,,0,30,,8298,120,,,0,70,,8303,120,,,0,32,,8322,120,,,0,70,,8304,120,,,0,30,,8320,120,,,0,70,,8305,120,,,0,100,,8306,120,,,0,100,,8297,120,,,0,100,,8307,120,,,0,100,,8314,120,,,0,98,,8315,120,,,0,99,,8316,120,,,0,100,,8317,120,,,0,25,,8318,120,,,0,71,,8299,120,,,0,30,,8319,120,,,0,70,,8308,120,,,0,31,,8321,120,,,0,70,,8300,120,,,0,105,,8309,120,,,0,99,,8310,120,,,0,100,,8311,120,,,0,100,,8312,120,,,0,100,,8313,120,,,0
2001,'TM-A26-TM_GTFS-Week-end-02',624,,8329,120,,,0,100,,8330,120,,,0,101,,8331,120,,,0,100,,8332,120,,,0,100,,8323,120,,,0,101,,8324,120,,,0,100,,8333,120,,,0,101,,8334,120,,,0,100,,8335,120,,,0,99,,8325,120,,,0,100,,8326,120,,,0,100,,8327,120,,,0,100,,8328,120,,,0,100,,8336,120,,,0,100,,8337,120,,,0,100,,8338,120,,,0,99,,8339,120,,,0,100,,8340,120,,,0,100,,8341,120,,,0
2101,'TM-A26-TM_GTFS-Fête-2-02',1626,,8352,440,0,5,0,100,,8351,440,0,5,0,100,,8350,440,0,5,0
2101,'TM-A26-TM_GTFS-Semaine-02',1626,,8355,440,0,5,0,100,,8354,440,0,5,0,100,,8353,440,0,5,0
