200,'TM-A26-TM_GTFS-Fête-1-02',656,,6985,90,,,0,201,,6986,90,,,0,200,,6987,90,,,0,200,,6988,90,,,0,200,,6989,90,,,0,199,,6990,90,,,0,200,,6991,90,,,0,200,,6992,90,,,0,200,,6993,90,,,0,200,,6994,90,0,12,0
200,'TM-A26-TM_GTFS-Fête-2-02',556,,7013,90,,,0,70,,7007,90,,,0,30,,7014,90,,,0,70,,7008,90,,,0,30,,7015,90,,,0,70,,7009,90,,,0,130,,7003,90,,,0,200,,7004,90,,,0,200,,7005,90,0,8 7,0,101,,7002,90,,,0,101,,7011,90,,,0,70,,7010,90,,,0,30,,7012,90,,,0,70,,7006,90,,,0,99,,6995,90,,,0,130,,7001,90,,,0,99,,6998,90,,,0,100,,6997,90,,,0,100,,6999,90,,,0,200,,7000,90,0,12,0
200,'TM-A26-TM_GTFS-Semaine-02',556,,7034,90,,,0,70,,7028,90,,,0,30,,7035,90,,,0,70,,7029,90,,,0,30,,7036,90,,,0,70,,7030,90,,,0,130,,7024,90,,,0,200,,7025,90,,,0,200,,7026,90,0,8 7,0,101,,7023,90,,,0,101,,7032,90,,,0,70,,7031,90,,,0,30,,7033,90,,,0,70,,7027,90,,,0,99,,7016,90,,,0,130,,7022,90,,,0,99,,7019,90,,,0,100,,7018,90,,,0,100,,7020,90,,,0,200,,7021,90,0,12,0
200,'TM-A26-TM_GTFS-Week-end-02',656,,7037,90,,,0,201,,7038,90,,,0,200,,7039,90,,,0,200,,7040,90,,,0,200,,7041,90,,,0,199,,7042,90,,,0,200,,7043,90,,,0,200,,7044,90,,,0,200,,7045,90,,,0,200,,7046,90,0,12,0
401,'TM-A26-TM_GTFS-Fête-2-02',546,,7116,170,,,0,100,,7118,170,,,0,100,,7117,170,,,0,101,,7115,170,,,0,1074,,7119,170,,,0
401,'TM-A26-TM_GTFS-Semaine-02',546,,7121,170,,,0,100,,7123,170,,,0,100,,7122,170,,,0,101,,7120,170,,,0,1074,,7124,170,,,0
1100,'TM-A26-TM_GTFS-Fête-1-02',555,,7251,90,,,0,100,,7261,90,,,0,100,,7252,90,,,0,100,,7253,90,,,0,100,,7262,90,,,0,101,,7254,90,,,0,100,,7263,90,,,0,100,,7255,90,,,0,100,,7264,90,,,0,100,,7256,90,,,0,100,,7265,90,,,0,100,,7257,90,,,0,100,,7266,90,,,0,100,,7258,90,,,0,100,,7267,90,,,0,100,,7259,90,,,0,100,,7268,90,,,0,100,,7260,90,,,0,100,,7269,90,,,0,100,,7270,90,,,0
1100,'TM-A26-TM_GTFS-Fête-2-02',525,,7271,90,,,0,30,,7293,90,,,0,70,,7282,90,,,0,30,,7278,90,,,0,70,,7272,90,,,0,30,,7294,90,,,0,70,,7283,90,,,0,31,,7286,90,,,0,100,,7290,90,,,0,100,,7287,90,,,0,100,,7291,90,,,0,100,,7288,90,,,0,101,,7292,90,,,0,100,,7299,90,,,0,70,,7279,90,,,0,30,,7281,90,,,0,70,,7284,90,,,0,30,,7273,90,,,0,70,,7280,90,,,0,30,,7295,90,,,0,70,,7285,90,,,0,29,,7274,90,,,0,69,,7289,90,,,0,30,,7296,90,,,0,100,,7275,90,,,0,100,,7297,90,,,0,100,,7276,90,,,0,100,,7298,90,,,0,100,,7277,90,,,0
1100,'TM-A26-TM_GTFS-Semaine-02',525,,7300,90,,,0,30,,7322,90,,,0,70,,7311,90,,,0,30,,7307,90,,,0,70,,7301,90,,,0,30,,7323,90,,,0,70,,7312,90,,,0,31,,7315,90,,,0,100,,7319,90,,,0,100,,7316,90,,,0,100,,7320,90,,,0,100,,7317,90,,,0,101,,7321,90,,,0,100,,7328,90,,,0,70,,7308,90,,,0,30,,7310,90,,,0,70,,7313,90,,,0,30,,7302,90,,,0,70,,7309,90,,,0,30,,7324,90,,,0,70,,7314,90,,,0,29,,7303,90,,,0,69,,7318,90,,,0,30,,7325,90,,,0,100,,7304,90,,,0,100,,7326,90,,,0,100,,7305,90,,,0,100,,7327,90,,,0,100,,7306,90,,,0
1100,'TM-A26-TM_GTFS-Week-end-02',555,,7329,90,,,0,100,,7339,90,,,0,100,,7330,90,,,0,100,,7331,90,,,0,100,,7340,90,,,0,101,,7332,90,,,0,100,,7341,90,,,0,100,,7333,90,,,0,100,,7342,90,,,0,100,,7334,90,,,0,100,,7343,90,,,0,100,,7335,90,,,0,100,,7344,90,,,0,100,,7336,90,,,0,100,,7345,90,,,0,100,,7337,90,,,0,100,,7346,90,,,0,100,,7338,90,,,0,100,,7347,90,,,0,100,,7348,90,,,0
2000,'TM-A26-TM_GTFS-Fête-1-02',656,,8171,90,,,0,100,,8172,90,,,0,100,,8173,90,,,0,101,,8162,90,,,0,100,,8163,90,,,0,100,,8164,90,,,0,100,,8165,90,,,0,100,,8166,90,,,0,100,,8167,90,,,0,100,,8168,90,,,0,100,,8169,90,,,0,100,,8170,90,,,0,99,,8174,90,,,0,100,,8175,90,,,0,100,,8176,90,,,0,100,,8177,90,,,0,100,,8178,90,,,0,100,,8179,90,,,0,100,,8180,90,,,0
2000,'TM-A26-TM_GTFS-Fête-2-02',556,,8187,90,,,0,70,,8182,90,,,0,30,,8188,90,,,0,70,,8206,90,,,0,30,,8189,90,,,0,70,,8204,90,,,0,31,,8190,90,,,0,100,,8191,90,,,0,100,,8192,90,,,0,100,,8193,90,,,0,100,,8197,90,,,0,100,,8181,90,,,0,100,,8196,90,,,0,100,,8183,90,,,0,70,,8185,90,,,0,30,,8184,90,,,0,70,,8203,90,,,0,30,,8194,90,,,0,70,,8205,90,,,0,30,,8186,90,,,0,99,,8195,90,,,0,100,,8198,90,,,0,100,,8199,90,,,0,100,,8200,90,,,0,100,,8201,90,,,0,100,,8202,90,,,0
2000,'TM-A26-TM_GTFS-Semaine-02',556,,8213,90,,,0,70,,8208,90,,,0,30,,8214,90,,,0,70,,8232,90,,,0,30,,8215,90,,,0,70,,8230,90,,,0,31,,8216,90,,,0,100,,8217,90,,,0,100,,8218,90,,,0,100,,8219,90,,,0,100,,8223,90,,,0,100,,8207,90,,,0,100,,8222,90,,,0,100,,8209,90,,,0,70,,8211,90,,,0,30,,8210,90,,,0,70,,8229,90,,,0,30,,8220,90,,,0,70,,8231,90,,,0,30,,8212,90,,,0,99,,8221,90,,,0,100,,8224,90,,,0,100,,8225,90,,,0,100,,8226,90,,,0,100,,8227,90,,,0,100,,8228,90,,,0
2000,'TM-A26-TM_GTFS-Week-end-02',656,,8242,90,,,0,100,,8243,90,,,0,100,,8244,90,,,0,101,,8233,90,,,0,100,,8234,90,,,0,100,,8235,90,,,0,100,,8236,90,,,0,100,,8237,90,,,0,100,,8238,90,,,0,100,,8239,90,,,0,100,,8240,90,,,0,100,,8241,90,,,0,99,,8245,90,,,0,100,,8246,90,,,0,100,,8247,90,,,0,100,,8248,90,,,0,100,,8249,90,,,0,100,,8250,90,,,0,100,,8251,90,,,0
2100,'TM-A26-TM_GTFS-Fête-2-02',655,,8342,90,0,5,0,100,,8344,90,0,5,0,100,,8345,90,0,5,0
2100,'TM-A26-TM_GTFS-Semaine-02',655,,8346,90,0,5,0,100,,8348,90,0,5,0,100,,8349,90,0,5,0
2101,'TM-A26-TM_GTFS-Fête-2-02',1557,,8352,90,0,5,0,100,,8351,90,0,5,0,100,,8350,90,0,5,0
2101,'TM-A26-TM_GTFS-Semaine-02',1557,,8355,90,0,5,0,100,,8354,90,0,5,0,100,,8353,90,0,5,0
2700,'TM-A26-TM_GTFS-Semaine-02',720,,8458,90,,,0,100,,8453,90,,,0,706,,8456,90,,,0,100,,8457,90,,,0,100,,8455,90,,,0,100,,8454,90,,,0,100,,8459,90,,,0
