100,'TM-A26-TM_GTFS-Fête-1-02',657,,6884,110,,,0,100,,6885,110,,,0,100,,6886,110,,,0,100,,6887,110,,,0,100,,6888,110,,,0,100,,6889,110,,,0,100,,6890,110,,,0,100,,6891,110,,,0,100,,6892,110,,,0,100,,6893,110,,,0,100,,6894,110,,,0,100,,6895,110,,,0,100,,6896,110,,,0,100,,6897,110,,,0,100,,6898,110,,,0,100,,6899,110,,,0,100,,6900,110,,,0,100,,6901,110,,,0,100,,6902,110,0,13 3 14,0
100,'TM-A26-TM_GTFS-Fête-2-02',527,,6903,110,,,0,30,,6931,110,,,0,70,,6929,110,,,0,30,,6921,110,,,0,70,,6930,110,,,0,30,,6909,110,,,0,70,,6926,110,,,0,30,,6910,110,,,0,100,,6911,110,,,0,100,,6912,110,,,0,100,,6913,110,,,0,100,,6914,110,,,0,100,,6915,110,,,0,100,,6916,110,,,0,70,,6927,110,,,0,30,,6917,110,,,0,70,,6928,110,,,0,30,,6919,110,,,0,70,,6907,110,,,0,30,,6918,110,,,0,70,,6906,110,,,0,30,,6920,110,,,0,70,,6908,110,,,0,30,,6922,110,,,0,100,,6932,110,,,0,100,,6933,110,,,0,100,,6923,110,,,0,100,,6924,110,,,0,100,,6925,110,0,13 3 14,0
100,'TM-A26-TM_GTFS-Semaine-02',527,,6934,110,,,0,30,,6962,110,,,0,70,,6960,110,,,0,30,,6952,110,,,0,70,,6961,110,,,0,30,,6940,110,,,0,70,,6957,110,,,0,30,,6941,110,,,0,100,,6942,110,,,0,100,,6943,110,,,0,100,,6944,110,,,0,100,,6945,110,,,0,100,,6946,110,,,0,100,,6947,110,,,0,70,,6958,110,,,0,30,,6948,110,,,0,70,,6959,110,,,0,30,,6950,110,,,0,70,,6938,110,,,0,30,,6949,110,,,0,70,,6937,110,,,0,30,,6951,110,,,0,70,,6939,110,,,0,30,,6953,110,,,0,100,,6963,110,,,0,100,,6964,110,,,0,100,,6954,110,,,0,100,,6955,110,,,0,100,,6956,110,0,13 3 14,0
100,'TM-A26-TM_GTFS-Week-end-02',657,,6966,110,,,0,100,,6967,110,,,0,100,,6968,110,,,0,100,,6969,110,,,0,100,,6970,110,,,0,100,,6971,110,,,0,100,,6972,110,,,0,100,,6973,110,,,0,100,,6974,110,,,0,100,,6975,110,,,0,100,,6976,110,,,0,100,,6977,110,,,0,100,,6978,110,,,0,100,,6979,110,,,0,100,,6980,110,,,0,100,,6981,110,,,0,100,,6982,110,,,0,100,,6983,110,,,0,100,,6984,110,0,13 3 14,0
800,'TM-A26-TM_GTFS-Fête-1-02',614,,7131,60,,,0,97,,7132,360,,,0,100,,7133,360,,,0,100,,7134,360,,,0,101,,7135,360,,,0,100,,7136,360,,,0,100,,7137,360,,,0,100,,7138,360,,,0,100,,7139,360,,,0,100,,7140,360,,,0,100,,7141,360,,,0,100,,7142,360,,,0,100,,7143,360,,,0,100,,7144,360,,,0,100,,7145,360,,,0,100,,7146,360,,,0,100,,7147,360,,,0,100,,7148,360,,,0,100,,7149,360,,,0,98,,7150,360,0,16,0
800,'TM-A26-TM_GTFS-Fête-2-02',612,,7162,360,,,0,102,,7157,360,,,0,100,,7153,360,,,0,99,,7154,360,,,0,100,,7160,360,,,0,100,,7161,360,,,0,100,,7151,360,,,0,100,,7152,360,,,0,100,,7158,360,,,0,102,,7163,360,,,0,100,,7159,360,,,0,100,,7155,360,,,0,97,,7156,360,,,0,100,,7164,360,,,0,100,,7165,360,,,0,100,,7166,360,,,0,100,,7167,360,,,0,100,,7168,360,,,0,99,,7169,360,,,0,98,,7170,360,0,16,0
800,'TM-A26-TM_GTFS-Semaine-02',612,,7182,360,,,0,102,,7177,360,,,0,100,,7173,360,,,0,99,,7174,360,,,0,100,,7180,360,,,0,100,,7181,360,,,0,100,,7171,360,,,0,100,,7172,360,,,0,100,,7178,360,,,0,102,,7183,360,,,0,100,,7179,360,,,0,100,,7175,360,,,0,97,,7176,360,,,0,100,,7184,360,,,0,100,,7185,360,,,0,100,,7186,360,,,0,100,,7187,360,,,0,100,,7188,360,,,0,99,,7189,360,,,0,98,,7190,360,0,16,0
800,'TM-A26-TM_GTFS-Week-end-02',614,,7191,60,,,0,97,,7192,360,,,0,100,,7193,360,,,0,100,,7194,360,,,0,101,,7195,360,,,0,100,,7196,360,,,0,100,,7197,360,,,0,100,,7198,360,,,0,100,,7199,360,,,0,100,,7200,360,,,0,100,,7201,360,,,0,100,,7202,360,,,0,100,,7203,360,,,0,100,,7204,360,,,0,100,,7205,360,,,0,100,,7206,360,,,0,100,,7207,360,,,0,100,,7208,360,,,0,100,,7209,360,,,0,98,,7210,360,0,16,0
1800,'TM-A26-TM_GTFS-Fête-1-02',657,,7784,110,,,0,100,,7785,110,,,0,100,,7786,110,,,0,400,,7787,110,,,0,200,,7781,110,,,0,100,,7782,110,,,0,100,,7783,110,,,0,300,,7788,110,,,0
1800,'TM-A26-TM_GTFS-Fête-2-02',627,,7798,110,,,0,100,,7790,110,,,0,30,,7794,110,,,0,70,,7791,110,,,0,130,,7795,110,,,0,200,,7796,110,,,0,200,,7797,110,,,0,170,,7792,110,,,0,100,,7801,110,,,0,100,,7802,110,,,0,130,,7800,110,,,0,200,,7793,110,,,0
1800,'TM-A26-TM_GTFS-Semaine-02',627,,7812,110,,,0,100,,7804,110,,,0,30,,7808,110,,,0,70,,7805,110,,,0,130,,7809,110,,,0,200,,7810,110,,,0,200,,7811,110,,,0,170,,7806,110,,,0,100,,7815,110,,,0,100,,7816,110,,,0,130,,7814,110,,,0,200,,7807,110,,,0
1800,'TM-A26-TM_GTFS-Week-end-02',657,,7820,110,,,0,100,,7821,110,,,0,100,,7822,110,,,0,400,,7823,110,,,0,200,,7817,110,,,0,100,,7818,110,,,0,100,,7819,110,,,0,300,,7824,110,,,0
