200,'TM-A26-TM_GTFS-Fête-1-01',655,,4805,50,,,0,200,,4806,50,,,0,200,,4807,50,,,0,200,,4808,50,,,0,200,,4809,50,,,0,200,,4810,50,,,0,200,,4811,50,,,0,200,,4812,50,,,0,200,,4813,50,,,0,200,,4814,50,0,12,0
200,'TM-A26-TM_GTFS-Fête-2-01',555,,4833,50,,,0,70,,4827,50,,,0,30,,4834,50,,,0,70,,4828,50,,,0,30,,4835,50,,,0,70,,4829,50,,,0,130,,4823,50,,,0,200,,4824,50,,,0,200,,4825,50,0,8 7,0,100,,4822,50,,,0,100,,4831,50,,,0,70,,4830,50,,,0,30,,4832,50,,,0,70,,4826,50,,,0,100,,4815,50,,,0,130,,4821,50,,,0,100,,4818,50,,,0,100,,4817,50,,,0,100,,4819,50,,,0,199,,4820,50,0,12,0
200,'TM-A26-TM_GTFS-Semaine-01',555,,4854,50,,,0,70,,4848,50,,,0,30,,4855,50,,,0,70,,4849,50,,,0,30,,4856,50,,,0,70,,4850,50,,,0,130,,4844,50,,,0,200,,4845,50,,,0,200,,4846,50,0,8 7,0,100,,4843,50,,,0,100,,4852,50,,,0,70,,4851,50,,,0,30,,4853,50,,,0,70,,4847,50,,,0,100,,4836,50,,,0,130,,4842,50,,,0,100,,4839,50,,,0,100,,4838,50,,,0,100,,4840,50,,,0,199,,4841,50,0,12,0
200,'TM-A26-TM_GTFS-Week-end-01',655,,4857,50,,,0,200,,4858,50,,,0,200,,4859,50,,,0,200,,4860,50,,,0,200,,4861,50,,,0,200,,4862,50,,,0,200,,4863,50,,,0,200,,4864,50,,,0,200,,4865,50,,,0,200,,4866,50,0,12,0
400,'TM-A26-TM_GTFS-Fête-2-01',1637,,4929,50,,,0,93,,4925,50,,,0,100,,4926,50,,,0,295,,4927,50,,,0,275,,4928,50,,,0
400,'TM-A26-TM_GTFS-Semaine-01',1637,,4934,50,,,0,93,,4930,50,,,0,100,,4931,50,,,0,295,,4932,50,,,0,275,,4933,50,,,0
401,'TM-A26-TM_GTFS-Fête-2-01',545,,4936,130,,,0,100,,4938,130,,,0,100,,4937,130,,,0,101,,4935,130,,,0,1074,,4939,130,,,0
401,'TM-A26-TM_GTFS-Semaine-01',545,,4941,130,,,0,100,,4943,130,,,0,100,,4942,130,,,0,101,,4940,130,,,0,1074,,4944,130,,,0
800,'TM-A26-TM_GTFS-Fête-1-01',625,,4951,280,,,0,99,,4952,580,,,0,100,,4953,580,,,0,100,,4954,580,,,0,101,,4955,580,,,0,100,,4956,580,,,0,100,,4957,580,,,0,100,,4958,580,,,0,100,,4959,580,,,0,100,,4960,580,,,0,100,,4961,580,,,0,100,,4962,580,,,0,99,,4963,580,,,0,100,,4964,580,,,0,100,,4965,580,,,0,100,,4966,580,,,0,100,,4967,580,,,0,100,,4968,580,,,0,100,,4969,580,,,0
800,'TM-A26-TM_GTFS-Fête-2-01',625,,4982,580,,,0,102,,4977,580,,,0,100,,4973,580,,,0,99,,4974,580,,,0,100,,4980,580,,,0,100,,4981,580,,,0,100,,4971,580,,,0,100,,4972,580,,,0,100,,4978,580,,,0,102,,4983,580,,,0,100,,4979,580,,,0,100,,4975,580,,,0,97,,4976,580,,,0,100,,4984,580,,,0,100,,4985,580,,,0,100,,4986,580,,,0,100,,4987,580,,,0,100,,4988,580,,,0,99,,4989,580,,,0
800,'TM-A26-TM_GTFS-Semaine-01',625,,5002,580,,,0,102,,4997,580,,,0,100,,4993,580,,,0,99,,4994,580,,,0,100,,5000,580,,,0,100,,5001,580,,,0,100,,4991,580,,,0,100,,4992,580,,,0,100,,4998,580,,,0,102,,5003,580,,,0,100,,4999,580,,,0,100,,4995,580,,,0,97,,4996,580,,,0,100,,5004,580,,,0,100,,5005,580,,,0,100,,5006,580,,,0,100,,5007,580,,,0,100,,5008,580,,,0,99,,5009,580,,,0
800,'TM-A26-TM_GTFS-Week-end-01',625,,5011,280,,,0,99,,5012,580,,,0,100,,5013,580,,,0,100,,5014,580,,,0,101,,5015,580,,,0,100,,5016,580,,,0,100,,5017,580,,,0,100,,5018,580,,,0,100,,5019,580,,,0,100,,5020,580,,,0,100,,5021,580,,,0,100,,5022,580,,,0,99,,5023,580,,,0,100,,5024,580,,,0,100,,5025,580,,,0,100,,5026,580,,,0,100,,5027,580,,,0,100,,5028,580,,,0,100,,5029,580,,,0
1100,'TM-A26-TM_GTFS-Fête-1-01',554,,5071,50,,,0,100,,5081,50,,,0,100,,5072,50,,,0,100,,5073,50,,,0,100,,5082,50,,,0,101,,5074,50,,,0,100,,5083,50,,,0,100,,5075,50,,,0,100,,5084,50,,,0,100,,5076,50,,,0,100,,5085,50,,,0,100,,5077,50,,,0,100,,5086,50,,,0,100,,5078,50,,,0,100,,5087,50,,,0,100,,5079,50,,,0,100,,5088,50,,,0,100,,5080,50,,,0,100,,5089,50,,,0,100,,5090,50,,,0
1100,'TM-A26-TM_GTFS-Fête-2-01',524,,5091,50,,,0,30,,5113,50,,,0,70,,5102,50,,,0,30,,5098,50,,,0,70,,5092,50,,,0,30,,5114,50,,,0,70,,5103,50,,,0,30,,5106,50,,,0,100,,5110,50,,,0,100,,5107,50,,,0,100,,5111,50,,,0,100,,5108,50,,,0,101,,5112,50,,,0,100,,5119,50,,,0,70,,5099,50,,,0,30,,5101,50,,,0,70,,5104,50,,,0,30,,5093,50,,,0,70,,5100,50,,,0,30,,5115,50,,,0,70,,5105,50,,,0,30,,5094,50,,,0,69,,5109,50,,,0,30,,5116,50,,,0,100,,5095,50,,,0,100,,5117,50,,,0,100,,5096,50,,,0,100,,5118,50,,,0,100,,5097,50,,,0
1100,'TM-A26-TM_GTFS-Semaine-01',524,,5120,50,,,0,30,,5142,50,,,0,70,,5131,50,,,0,30,,5127,50,,,0,70,,5121,50,,,0,30,,5143,50,,,0,70,,5132,50,,,0,30,,5135,50,,,0,100,,5139,50,,,0,100,,5136,50,,,0,100,,5140,50,,,0,100,,5137,50,,,0,101,,5141,50,,,0,100,,5148,50,,,0,70,,5128,50,,,0,30,,5130,50,,,0,70,,5133,50,,,0,30,,5122,50,,,0,70,,5129,50,,,0,30,,5144,50,,,0,70,,5134,50,,,0,30,,5123,50,,,0,69,,5138,50,,,0,30,,5145,50,,,0,100,,5124,50,,,0,100,,5146,50,,,0,100,,5125,50,,,0,100,,5147,50,,,0,100,,5126,50,,,0
1100,'TM-A26-TM_GTFS-Week-end-01',554,,5149,50,,,0,100,,5159,50,,,0,100,,5150,50,,,0,100,,5151,50,,,0,100,,5160,50,,,0,101,,5152,50,,,0,100,,5161,50,,,0,100,,5153,50,,,0,100,,5162,50,,,0,100,,5154,50,,,0,100,,5163,50,,,0,100,,5155,50,,,0,100,,5164,50,,,0,100,,5156,50,,,0,100,,5165,50,,,0,100,,5157,50,,,0,100,,5166,50,,,0,100,,5158,50,,,0,100,,5167,50,,,0,100,,5168,50,,,0
2000,'TM-A26-TM_GTFS-Fête-1-01',655,,5991,50,,,0,100,,5992,50,,,0,100,,5993,50,,,0,100,,5982,50,,,0,100,,5983,50,,,0,100,,5984,50,,,0,100,,5985,50,,,0,100,,5986,50,,,0,100,,5987,50,,,0,100,,5988,50,,,0,100,,5989,50,,,0,100,,5990,50,,,0,100,,5994,50,,,0,100,,5995,50,,,0,100,,5996,50,,,0,100,,5997,50,,,0,100,,5998,50,,,0,100,,5999,50,,,0,100,,6000,50,,,0
2000,'TM-A26-TM_GTFS-Fête-2-01',555,,6007,50,,,0,70,,6002,50,,,0,30,,6008,50,,,0,70,,6026,50,,,0,30,,6009,50,,,0,70,,6024,50,,,0,30,,6010,50,,,0,100,,6011,50,,,0,100,,6012,50,,,0,100,,6013,50,,,0,100,,6017,50,,,0,100,,6001,50,,,0,100,,6016,50,,,0,100,,6003,50,,,0,70,,6005,50,,,0,30,,6004,50,,,0,70,,6023,50,,,0,30,,6014,50,,,0,70,,6025,50,,,0,30,,6006,50,,,0,100,,6015,50,,,0,100,,6018,50,,,0,100,,6019,50,,,0,100,,6020,50,,,0,100,,6021,50,,,0,100,,6022,50,,,0
2000,'TM-A26-TM_GTFS-Semaine-01',555,,6033,50,,,0,70,,6028,50,,,0,30,,6034,50,,,0,70,,6052,50,,,0,30,,6035,50,,,0,70,,6050,50,,,0,30,,6036,50,,,0,100,,6037,50,,,0,100,,6038,50,,,0,100,,6039,50,,,0,100,,6043,50,,,0,100,,6027,50,,,0,100,,6042,50,,,0,100,,6029,50,,,0,70,,6031,50,,,0,30,,6030,50,,,0,70,,6049,50,,,0,30,,6040,50,,,0,70,,6051,50,,,0,30,,6032,50,,,0,100,,6041,50,,,0,100,,6044,50,,,0,100,,6045,50,,,0,100,,6046,50,,,0,100,,6047,50,,,0,100,,6048,50,,,0
2000,'TM-A26-TM_GTFS-Week-end-01',655,,6062,50,,,0,100,,6063,50,,,0,100,,6064,50,,,0,100,,6053,50,,,0,100,,6054,50,,,0,100,,6055,50,,,0,100,,6056,50,,,0,100,,6057,50,,,0,100,,6058,50,,,0,100,,6059,50,,,0,100,,6060,50,,,0,100,,6061,50,,,0,100,,6065,50,,,0,100,,6066,50,,,0,100,,6067,50,,,0,100,,6068,50,,,0,100,,6069,50,,,0,100,,6070,50,,,0,100,,6071,50,,,0
2100,'TM-A26-TM_GTFS-Fête-2-01',654,,6162,50,0,5,0,100,,6164,50,0,5,0,100,,6165,50,0,5,0
2100,'TM-A26-TM_GTFS-Semaine-01',654,,6166,50,0,5,0,100,,6168,50,0,5,0,100,,6169,50,0,5,0
2101,'TM-A26-TM_GTFS-Fête-2-01',1555,,6172,50,0,5,0,100,,6171,50,0,5,0,100,,6170,50,0,5,0
2101,'TM-A26-TM_GTFS-Semaine-01',1555,,6175,50,0,5,0,100,,6174,50,0,5,0,100,,6173,50,0,5,0
2700,'TM-A26-TM_GTFS-Semaine-01',719,,6278,50,,,0,100,,6273,50,,,0,706,,6276,50,,,0,100,,6277,50,,,0,100,,6275,50,,,0,100,,6274,50,,,0,100,,6279,50,,,0
