1900,'TM-A26-TM_GTFS-Fête-1-01',552,,5671,20,,,0,100,,5672,20,,,0,100,,5673,20,,,0,100,,5674,20,,,0,100,,5675,20,,,0,100,,5676,20,,,0,100,,5677,20,,,0,100,,5678,20,,,0,100,,5679,20,,,0,100,,5680,20,,,0,100,,5681,20,,,0,100,,5682,20,,,0,100,,5683,20,,,0,100,,5684,20,,,0,100,,5685,20,,,0,100,,5686,20,,,0,100,,5687,20,,,0,100,,5688,20,,,0,100,,5689,20,,,0,100,,5690,20,,,0
1900,'TM-A26-TM_GTFS-Fête-2-01',500,,5700,20,,,0,25,,5698,20,,,0,20,,5710,20,,,0,60,,5701,20,,,0,16,,5733,20,,,0,12,,5697,20,,,0,12,,5724,20,,,0,7,,5699,20,,,0,6,,5693,20,,,0,52,,5734,20,,,0,12,,5694,20,,,0,12,,5703,20,,,0,12,,5696,20,,,0,12,,5735,20,,,0,55,,5732,20,,,0,10,,5704,20,,,0,29,,5711,20,,,0,70,,5730,20,,,0,30,,5717,20,,,0,70,,5731,20,,,0,30,,5718,20,,,0,70,,5705,20,,,0,30,,5712,20,,,0,70,,5706,20,,,0,30,,5713,20,,,0,70,,5707,20,,,0,30,,5714,20,,,0,70,,5708,20,,,0,30,,5715,20,,,0,72,,5709,20,,,0,34,,5716,20,,,0,58,,5692,20,,,0,36,,5695,20,,,0,77,,5736,20,,,0,19,,5737,20,,,0,70,,5725,20,,,0,34,,5702,20,,,0,70,,5726,20,,,0,30,,5719,20,,,0,70,,5727,20,,,0,30,,5729,20,,,0,70,,5728,20,,,0,30,,5720,20,,,0,70,,5691,20,,,0,30,,5721,20,,,0,100,,5722,20,,,0,100,,5723,20,,,0
1900,'TM-A26-TM_GTFS-Semaine-01',500,,5753,20,,,0,15,,5806,20,,,0,10,,5751,20,,,0,10,,5758,20,,,0,10,,5766,20,,,0,10,,5792,20,,,0,50,,5754,20,,,0,10,,5798,20,,,0,6,,5793,20,,,0,6,,5774,20,,,0,6,,5749,20,,,0,6,,5744,20,,,0,6,,5783,20,,,0,7,,5752,20,,,0,6,,5741,20,,,0,46,,5755,20,,,0,6,,5795,20,,,0,6,,5794,20,,,0,6,,5745,20,,,0,6,,5747,20,,,0,6,,5759,20,,,0,6,,5742,20,,,0,6,,5748,20,,,0,6,,5799,20,,,0,6,,5796,20,,,0,47,,5756,20,,,0,8,,5791,20,,,0,10,,5760,20,,,0,9,,5775,20,,,0,10,,5743,20,,,0,10,,5767,20,,,0,50,,5750,20,,,0,20,,5789,20,,,0,30,,5776,20,,,0,70,,5790,20,,,0,30,,5777,20,,,0,70,,5761,20,,,0,30,,5768,20,,,0,70,,5762,20,,,0,30,,5769,20,,,0,70,,5763,20,,,0,30,,5770,20,,,0,70,,5764,20,,,0,30,,5771,20,,,0,72,,5765,20,,,0,20,,5800,20,,,0,14,,5772,20,,,0,58,,5739,20,,,0,30,,5801,20,,,0,6,,5746,20,,,0,48,,5802,20,,,0,17,,5773,20,,,0,12,,5804,20,,,0,9,,5803,20,,,0,10,,5805,20,,,0,10,,5797,20,,,0,60,,5784,20,,,0,15,,5740,20,,,0,19,,5757,20,,,0,70,,5785,20,,,0,30,,5778,20,,,0,70,,5786,20,,,0,30,,5788,20,,,0,70,,5787,20,,,0,30,,5779,20,,,0,70,,5738,20,,,0,30,,5780,20,,,0,100,,5781,20,,,0,100,,5782,20,,,0
1900,'TM-A26-TM_GTFS-Week-end-01',552,,5807,20,,,0,100,,5808,20,,,0,100,,5809,20,,,0,100,,5810,20,,,0,100,,5811,20,,,0,100,,5812,20,,,0,100,,5813,20,,,0,100,,5814,20,,,0,100,,5815,20,,,0,100,,5816,20,,,0,100,,5817,20,,,0,100,,5818,20,,,0,100,,5819,20,,,0,100,,5820,20,,,0,100,,5821,20,,,0,100,,5822,20,,,0,100,,5823,20,,,0,100,,5824,20,,,0,100,,5825,20,,,0,100,,5826,20,,,0
2500,'TM-A26-TM_GTFS-Fête-2-01',552,,6214,20,,,0,70,,6216,20,,,0,31,,6207,20,,,0,70,,6218,20,,,0,29,,6217,20,,,0,70,,6219,20,,,0,30,,6222,20,,,0,100,,6208,20,,,0,100,,6209,20,,,0,100,,6210,20,,,0,170,,6211,20,,,0,100,,6212,20,,,0,100,,6220,20,,,0,30,,6213,20,,,0,100,,6215,20,,,0,100,,6221,20,,,0
2500,'TM-A26-TM_GTFS-Semaine-01',552,,6230,20,,,0,70,,6232,20,,,0,31,,6223,20,,,0,70,,6234,20,,,0,29,,6233,20,,,0,70,,6235,20,,,0,30,,6238,20,,,0,100,,6224,20,,,0,100,,6225,20,,,0,100,,6226,20,,,0,170,,6227,20,,,0,100,,6228,20,,,0,100,,6236,20,,,0,30,,6229,20,,,0,100,,6231,20,,,0,100,,6237,20,,,0
3000,'TM-A26-TM_GTFS-Fête-1-01',652,,6287,20,,,0,100,,6288,20,,,0,900,,6289,20,,,0,200,,6290,20,,,0
3000,'TM-A26-TM_GTFS-Fête-2-01',500,,6315,70,,,0,32,,6309,70,,,0,70,,6303,70,,,0,25,,6316,70,,,0,20,,6301,70,,,0,10,,6299,20,,,0,50,,6310,70,,,0,20,,6311,70,,,0,20,,6306,70,,,0,70,,6304,70,,,0,35,,6307,70,,,0,101,,6308,20,,,0,100,,6297,20,,,0,99,,6302,20,,,0,100,,6295,20,,,0,100,,6296,20,,,0,101,,6313,20,,,0,100,,6291,70,,,0,65,,6298,70,,,0,33,,6305,70,,,0,70,,6300,20,,,0,27,,6312,20,,,0,72,,6292,70,,,0,81,,6314,70,,,0,58,,6293,20,,,0,94,,6294,20,,,0
3000,'TM-A26-TM_GTFS-Semaine-01',500,,6356,70,,,0,32,,6347,70,,,0,15,,6336,20,,,0,55,,6340,70,,,0,15,,6350,70,,,0,5,,6329,20,,,0,5,,6357,70,,,0,10,,6327,20,,,0,10,,6337,70,,,0,5,,6330,20,,,0,5,,6328,20,,,0,50,,6348,70,,,0,10,,6326,70,,,0,5,,6331,20,,,0,5,,6349,70,,,0,10,,6335,20,,,0,10,,6343,70,,,0,10,,6333,20,,,0,50,,6346,20,,,0,10,,6341,70,,,0,15,,6338,20,,,0,20,,6344,70,,,0,71,,6332,20,,,0,30,,6345,20,,,0,100,,6324,20,,,0,99,,6339,20,,,0,100,,6322,20,,,0,100,,6323,20,,,0,101,,6353,20,,,0,100,,6317,80,,,0,65,,6325,70,,,0,18,,6354,70,,,0,15,,6342,70,,,0,70,,6334,20,,,0,15,,6352,70,,,0,12,,6351,20,,,0,53,,6318,70,,,0,19,,6319,70,,,0,81,,6355,70,,,0,58,,6320,20,,,0,94,,6321,20,,,0
3000,'TM-A26-TM_GTFS-Week-end-01',652,,6358,20,,,0,100,,6359,20,,,0,900,,6360,20,,,0,200,,6361,20,,,0
2002500,'TM-A26-TM_GTFS-Fête-1-01',652,,6608,20,,,0,100,,6609,20,,,0,100,,6610,20,,,0,100,,6611,20,,,0,100,,6612,20,,,0,100,,6613,20,,,0,100,,6614,20,,,0,100,,6615,20,,,0,100,,6616,20,,,0,100,,6617,20,,,0,100,,6618,20,,,0,100,,6619,20,,,0,100,,6620,20,,,0,100,,6621,20,,,0,100,,6622,20,,,0,100,,6623,20,,,0,100,,6624,20,,,0,100,,6607,20,,,0,100,,6606,20,,,0
2002500,'TM-A26-TM_GTFS-Fête-2-01',1852,,6625,20,,,0,100,,6626,20,,,0,100,,6627,20,,,0,100,,6628,20,,,0,100,,6629,20,,,0,100,,6630,20,,,0,100,,6631,20,,,0
2002500,'TM-A26-TM_GTFS-Semaine-01',1852,,6632,20,,,0,100,,6633,20,,,0,100,,6634,20,,,0,100,,6635,20,,,0,100,,6636,20,,,0,100,,6637,20,,,0,100,,6638,20,,,0
2002500,'TM-A26-TM_GTFS-Week-end-01',652,,6641,20,,,0,100,,6642,20,,,0,100,,6643,20,,,0,100,,6644,20,,,0,100,,6645,20,,,0,100,,6646,20,,,0,100,,6647,20,,,0,100,,6648,20,,,0,100,,6649,20,,,0,100,,6650,20,,,0,100,,6651,20,,,0,100,,6652,20,,,0,100,,6653,20,,,0,100,,6654,20,,,0,100,,6655,20,,,0,100,,6656,20,,,0,100,,6657,20,,,0,100,,6640,20,,,0,100,,6639,20,,,0
