2500,'TM-A26-TM_GTFS-Fête-2-01',552,,6214,10,,,0,70,,6216,10,,,0,30,,6207,10,,,0,70,,6218,10,,,0,30,,6217,10,,,0,70,,6219,10,,,0,30,,6222,10,,,0,100,,6208,10,,,0,100,,6209,10,,,0,100,,6210,10,,,0,170,,6211,10,,,0,100,,6212,10,,,0,100,,6220,10,,,0,30,,6213,10,,,0,100,,6215,10,,,0,100,,6221,10,,,0
2500,'TM-A26-TM_GTFS-Semaine-01',552,,6230,10,,,0,70,,6232,10,,,0,30,,6223,10,,,0,70,,6234,10,,,0,30,,6233,10,,,0,70,,6235,10,,,0,30,,6238,10,,,0,100,,6224,10,,,0,100,,6225,10,,,0,100,,6226,10,,,0,170,,6227,10,,,0,100,,6228,10,,,0,100,,6236,10,,,0,30,,6229,10,,,0,100,,6231,10,,,0,100,,6237,10,,,0
2501,'TM-A26-TM_GTFS-Fête-2-01',708,,6239,120,4,,0,30,,6244,120,4,,0,101,,6246,120,4,,0,101,,6247,120,4,,0,70,,6248,120,4,,0,100,,6249,120,4,,0,100,,6250,120,4,,0,100,,6251,120,4,,0,134,,6252,120,4,,0,101,,6240,120,4,,0,67,,6253,120,4,,0,33,,6242,120,4,,0,67,,6241,120,4,,0,33,,6254,120,4,,0,69,,6243,120,4,,0,30,,6245,120,4,,0,66,,6255,120,4,,0
2501,'TM-A26-TM_GTFS-Semaine-01',708,,6256,120,4,,0,30,,6261,120,4,,0,101,,6263,120,4,,0,101,,6264,120,4,,0,70,,6265,120,4,,0,100,,6266,120,4,,0,100,,6267,120,4,,0,100,,6268,120,4,,0,134,,6269,120,4,,0,101,,6257,120,4,,0,67,,6270,120,4,,0,33,,6259,120,4,,0,67,,6258,120,4,,0,33,,6271,120,4,,0,69,,6260,120,4,,0,30,,6262,120,4,,0,66,,6272,120,4,,0
2002500,'TM-A26-TM_GTFS-Fête-1-01',652,,6608,10,,,0,100,,6609,10,,,0,100,,6610,10,,,0,100,,6611,10,,,0,100,,6612,10,,,0,100,,6613,10,,,0,100,,6614,10,,,0,100,,6615,10,,,0,100,,6616,10,,,0,100,,6617,10,,,0,100,,6618,10,,,0,100,,6619,10,,,0,100,,6620,10,,,0,100,,6621,10,,,0,100,,6622,10,,,0,100,,6623,10,,,0,100,,6624,10,,,0,100,,6607,10,,,0,100,,6606,10,,,0
2002500,'TM-A26-TM_GTFS-Fête-2-01',1852,,6625,10,,,0,100,,6626,10,,,0,100,,6627,10,,,0,100,,6628,10,,,0,100,,6629,10,,,0,100,,6630,10,,,0,100,,6631,10,,,0
2002500,'TM-A26-TM_GTFS-Semaine-01',1852,,6632,10,,,0,100,,6633,10,,,0,100,,6634,10,,,0,100,,6635,10,,,0,100,,6636,10,,,0,100,,6637,10,,,0,100,,6638,10,,,0
2002500,'TM-A26-TM_GTFS-Week-end-01',652,,6641,10,,,0,100,,6642,10,,,0,100,,6643,10,,,0,100,,6644,10,,,0,100,,6645,10,,,0,100,,6646,10,,,0,100,,6647,10,,,0,100,,6648,10,,,0,100,,6649,10,,,0,100,,6650,10,,,0,100,,6651,10,,,0,100,,6652,10,,,0,100,,6653,10,,,0,100,,6654,10,,,0,100,,6655,10,,,0,100,,6656,10,,,0,100,,6657,10,,,0,100,,6640,10,,,0,100,,6639,10,,,0
2002501,'TM-A26-TM_GTFS-Fête-1-01',745,,6676,80,4,,0,100,,6658,80,4,,0,100,,6660,80,4,,0,100,,6665,80,4,,0,100,,6664,80,4,,0,100,,6662,80,4,,0,100,,6661,80,4,,0,100,,6659,80,4,,0,100,,6663,80,4,,0,100,,6666,80,4,,0,100,,6667,80,4,,0,100,,6669,80,4,,0,100,,6670,80,4,,0,100,,6668,80,4,,0,100,,6675,80,4,,0,100,,6672,80,4,,0,100,,6671,80,4,,0,100,,6673,80,4,,0,100,,6674,80,4,,0
2002501,'TM-A26-TM_GTFS-Fête-2-01',1945,,6678,80,4,,0,100,,6679,80,4,,0,100,,6680,80,4,,0,100,,6681,80,4,,0,100,,6682,80,4,,0,100,,6683,80,4,,0,95,,6677,80,4,,0
2002501,'TM-A26-TM_GTFS-Semaine-01',1945,,6685,80,4,,0,100,,6686,80,4,,0,100,,6687,80,4,,0,100,,6688,80,4,,0,100,,6689,80,4,,0,100,,6690,80,4,,0,95,,6684,80,4,,0
2002501,'TM-A26-TM_GTFS-Week-end-01',745,,6709,80,4,,0,100,,6691,80,4,,0,100,,6693,80,4,,0,100,,6698,80,4,,0,100,,6697,80,4,,0,100,,6695,80,4,,0,100,,6694,80,4,,0,100,,6692,80,4,,0,100,,6696,80,4,,0,100,,6699,80,4,,0,100,,6700,80,4,,0,100,,6702,80,4,,0,100,,6703,80,4,,0,100,,6701,80,4,,0,100,,6708,80,4,,0,100,,6705,80,4,,0,100,,6704,80,4,,0,100,,6706,80,4,,0,100,,6707,80,4,,0
