900,'TM-A26-TM_GTFS-Fête-2-01',616,,5033,420,,,0,98,,5039,420,,,0,100,,5036,420,,,0,103,,5037,420,,,0,101,,5031,420,,,0,100,,5032,420,,,0,302,,5038,150,,,0,200,,5034,150,,,0,200,,5035,150,,,0
900,'TM-A26-TM_GTFS-Semaine-01',616,,5042,420,,,0,98,,5048,420,,,0,100,,5045,420,,,0,103,,5046,420,,,0,101,,5040,420,,,0,100,,5041,420,,,0,302,,5047,150,,,0,200,,5043,150,,,0,200,,5044,150,,,0
2000005500,'TM-A26-TM_GTFS-Fête-2-01',611,,6823,50,0,8 7,0,100,,6824,50,0,8 7,0,600,,6818,50,,,0,100,,6825,50,,,0,230,,6817,50,,,0,102,,6819,50,,,0,98,,6820,50,,,0,370,,6821,50,,,0,200,,6822,50,,,0
2000005500,'TM-A26-TM_GTFS-Semaine-01',611,,6832,50,0,8 7,0,100,,6833,50,0,8 7,0,600,,6827,50,,,0,100,,6834,50,,,0,230,,6826,50,,,0,102,,6828,50,,,0,98,,6829,50,,,0,370,,6830,50,,,0,200,,6831,50,,,0
2000005501,'TM-A26-TM_GTFS-Fête-2-01',516,,6836,10,,,0,100,,6837,10,,,0,104,,6835,10,,,0,400,,6838,10,,,0,396,,6840,10,,,0,101,,6841,10,,,0,100,,6842,10,,,0,131,,6839,10,,,0,455,,6843,10,,,0
2000005501,'TM-A26-TM_GTFS-Semaine-01',516,,6845,10,,,0,100,,6846,10,,,0,104,,6844,10,,,0,400,,6847,10,,,0,396,,6849,10,,,0,101,,6850,10,,,0,100,,6851,10,,,0,131,,6848,10,,,0,455,,6852,10,,,0
2000005600,'TM-A26-TM_GTFS-Fête-2-01',718,,6853,20,,,0,800,,6854,20,,,0,800,,6855,20,,,0
2000005600,'TM-A26-TM_GTFS-Semaine-01',718,,6856,20,,,0,800,,6857,20,,,0,800,,6858,20,,,0
2000005601,'TM-A26-TM_GTFS-Fête-2-01',645,,6859,30,4,,0,800,,6860,30,4,,0,800,,6861,30,4,,0
2000005601,'TM-A26-TM_GTFS-Semaine-01',645,,6862,30,4,,0,800,,6863,30,4,,0,800,,6864,30,4,,0
