100,'TM-A26-TM_GTFS-Fête-1-02',657,,6884,120,,,0,100,,6885,120,,,0,100,,6886,120,,,0,100,,6887,120,,,0,100,,6888,120,,,0,100,,6889,120,,,0,100,,6890,120,,,0,100,,6891,120,,,0,100,,6892,120,,,0,100,,6893,120,,,0,100,,6894,120,,,0,100,,6895,120,,,0,100,,6896,120,,,0,100,,6897,120,,,0,100,,6898,120,,,0,100,,6899,120,,,0,100,,6900,120,,,0,100,,6901,120,,,0,100,,6902,120,0,13 3 14,0
100,'TM-A26-TM_GTFS-Fête-2-02',527,,6903,120,,,0,30,,6931,120,,,0,70,,6929,120,,,0,30,,6921,120,,,0,70,,6930,120,,,0,30,,6909,120,,,0,70,,6926,120,,,0,30,,6910,120,,,0,100,,6911,120,,,0,100,,6912,120,,,0,100,,6913,120,,,0,100,,6914,120,,,0,100,,6915,120,,,0,100,,6916,120,,,0,70,,6927,120,,,0,30,,6917,120,,,0,70,,6928,120,,,0,30,,6919,120,,,0,70,,6907,120,,,0,30,,6918,120,,,0,70,,6906,120,,,0,30,,6920,120,,,0,70,,6908,120,,,0,30,,6922,120,,,0,100,,6932,120,,,0,100,,6933,120,,,0,100,,6923,120,,,0,100,,6924,120,,,0,100,,6925,120,0,13 3 14,0
100,'TM-A26-TM_GTFS-Semaine-02',527,,6934,120,,,0,30,,6962,120,,,0,70,,6960,120,,,0,30,,6952,120,,,0,70,,6961,120,,,0,30,,6940,120,,,0,70,,6957,120,,,0,30,,6941,120,,,0,100,,6942,120,,,0,100,,6943,120,,,0,100,,6944,120,,,0,100,,6945,120,,,0,100,,6946,120,,,0,100,,6947,120,,,0,70,,6958,120,,,0,30,,6948,120,,,0,70,,6959,120,,,0,30,,6950,120,,,0,70,,6938,120,,,0,30,,6949,120,,,0,70,,6937,120,,,0,30,,6951,120,,,0,70,,6939,120,,,0,30,,6953,120,,,0,100,,6963,120,,,0,100,,6964,120,,,0,100,,6954,120,,,0,100,,6955,120,,,0,100,,6956,120,0,13 3 14,0
100,'TM-A26-TM_GTFS-Week-end-02',657,,6966,120,,,0,100,,6967,120,,,0,100,,6968,120,,,0,100,,6969,120,,,0,100,,6970,120,,,0,100,,6971,120,,,0,100,,6972,120,,,0,100,,6973,120,,,0,100,,6974,120,,,0,100,,6975,120,,,0,100,,6976,120,,,0,100,,6977,120,,,0,100,,6978,120,,,0,100,,6979,120,,,0,100,,6980,120,,,0,100,,6981,120,,,0,100,,6982,120,,,0,100,,6983,120,,,0,100,,6984,120,0,13 3 14,0
800,'TM-A26-TM_GTFS-Fête-1-02',615,,7131,70,,,0,97,,7132,370,,,0,100,,7133,370,,,0,100,,7134,370,,,0,101,,7135,370,,,0,100,,7136,370,,,0,100,,7137,370,,,0,100,,7138,370,,,0,100,,7139,370,,,0,100,,7140,370,,,0,100,,7141,370,,,0,100,,7142,370,,,0,99,,7143,370,,,0,100,,7144,370,,,0,100,,7145,370,,,0,100,,7146,370,,,0,100,,7147,370,,,0,100,,7148,370,,,0,100,,7149,370,,,0,99,,7150,370,0,16,0
800,'TM-A26-TM_GTFS-Fête-2-02',612,,7162,370,,,0,102,,7157,370,,,0,100,,7153,370,,,0,100,,7154,370,,,0,100,,7160,370,,,0,100,,7161,370,,,0,100,,7151,370,,,0,100,,7152,370,,,0,100,,7158,370,,,0,101,,7163,370,,,0,100,,7159,370,,,0,100,,7155,370,,,0,98,,7156,370,,,0,100,,7164,370,,,0,100,,7165,370,,,0,100,,7166,370,,,0,100,,7167,370,,,0,100,,7168,370,,,0,99,,7169,370,,,0,98,,7170,370,0,16,0
800,'TM-A26-TM_GTFS-Semaine-02',612,,7182,370,,,0,102,,7177,370,,,0,100,,7173,370,,,0,100,,7174,370,,,0,100,,7180,370,,,0,100,,7181,370,,,0,100,,7171,370,,,0,100,,7172,370,,,0,100,,7178,370,,,0,101,,7183,370,,,0,100,,7179,370,,,0,100,,7175,370,,,0,98,,7176,370,,,0,100,,7184,370,,,0,100,,7185,370,,,0,100,,7186,370,,,0,100,,7187,370,,,0,100,,7188,370,,,0,99,,7189,370,,,0,98,,7190,370,0,16,0
800,'TM-A26-TM_GTFS-Week-end-02',615,,7191,70,,,0,97,,7192,370,,,0,100,,7193,370,,,0,100,,7194,370,,,0,101,,7195,370,,,0,100,,7196,370,,,0,100,,7197,370,,,0,100,,7198,370,,,0,100,,7199,370,,,0,100,,7200,370,,,0,100,,7201,370,,,0,100,,7202,370,,,0,99,,7203,370,,,0,100,,7204,370,,,0,100,,7205,370,,,0,100,,7206,370,,,0,100,,7207,370,,,0,100,,7208,370,,,0,100,,7209,370,,,0,99,,7210,370,0,16,0
1800,'TM-A26-TM_GTFS-Fête-1-02',657,,7784,120,,,0,100,,7785,120,,,0,100,,7786,120,,,0,400,,7787,120,,,0,200,,7781,120,,,0,100,,7782,120,,,0,100,,7783,120,,,0,300,,7788,120,,,0
1800,'TM-A26-TM_GTFS-Fête-2-02',627,,7798,120,,,0,100,,7790,120,,,0,30,,7794,120,,,0,70,,7791,120,,,0,130,,7795,120,,,0,200,,7796,120,,,0,200,,7797,120,,,0,170,,7792,120,,,0,100,,7801,120,,,0,100,,7802,120,,,0,130,,7800,120,,,0,200,,7793,120,,,0
1800,'TM-A26-TM_GTFS-Semaine-02',627,,7812,120,,,0,100,,7804,120,,,0,30,,7808,120,,,0,70,,7805,120,,,0,130,,7809,120,,,0,200,,7810,120,,,0,200,,7811,120,,,0,170,,7806,120,,,0,100,,7815,120,,,0,100,,7816,120,,,0,130,,7814,120,,,0,200,,7807,120,,,0
1800,'TM-A26-TM_GTFS-Week-end-02',657,,7820,120,,,0,100,,7821,120,,,0,100,,7822,120,,,0,400,,7823,120,,,0,200,,7817,120,,,0,100,,7818,120,,,0,100,,7819,120,,,0,300,,7824,120,,,0
