900,'TM-A26-TM_GTFS-Fête-2-02',624,,7213,470,,,0,98,,7219,470,,,0,100,,7216,470,,,0,103,,7217,470,,,0,101,,7211,470,,,0,100,,7212,470,,,0,302,,7218,200,,,0,200,,7214,200,,,0,200,,7215,200,,,0
900,'TM-A26-TM_GTFS-Semaine-02',624,,7222,470,,,0,98,,7228,470,,,0,100,,7225,470,,,0,103,,7226,470,,,0,101,,7220,470,,,0,100,,7221,470,,,0,302,,7227,200,,,0,200,,7223,200,,,0,200,,7224,200,,,0
901,'TM-A26-TM_GTFS-Fête-2-02',739,,7239,270,0,9 10,0,170,,7237,270,0,9 10,0,99,,7238,270,0,9 10,0,202,,7229,270,,,0,100,,7230,270,0,9 10,0,200,,7236,270,,,0,101,,7231,270,,,0,99,,7234,270,,,0,100,,7233,270,,,0,98,,7235,270,,,0,300,,7232,270,,,0
901,'TM-A26-TM_GTFS-Semaine-02',739,,7250,270,0,9 10,0,170,,7248,270,0,9 10,0,99,,7249,270,0,9 10,0,202,,7240,270,,,0,100,,7241,270,0,9 10,0,200,,7247,270,,,0,101,,7242,270,,,0,99,,7245,270,,,0,100,,7244,270,,,0,98,,7246,270,,,0,300,,7243,270,,,0
1800,'TM-A26-TM_GTFS-Fête-1-02',715,,7784,370,,,0,100,,7785,370,,,0,100,,7786,370,,,0,400,,7787,370,,,0,200,,7781,370,,,0,100,,7782,370,,,0,100,,7783,370,,,0,300,,7788,370,,,0
1800,'TM-A26-TM_GTFS-Fête-2-02',545,,7789,60,,,0,102,,7798,370,,,0,100,,7790,370,,,0,70,,7794,370,,,0,29,,7791,370,,,0,170,,7795,370,,,0,200,,7796,370,,,0,200,,7797,370,,,0,130,,7792,370,,,0,100,,7801,370,,,0,100,,7802,370,,,0,71,,7799,110,,,0,98,,7800,370,,,0,200,,7793,370,,,0
1800,'TM-A26-TM_GTFS-Semaine-02',545,,7803,60,,,0,102,,7812,370,,,0,100,,7804,370,,,0,70,,7808,370,,,0,29,,7805,370,,,0,170,,7809,370,,,0,200,,7810,370,,,0,200,,7811,370,,,0,130,,7806,370,,,0,100,,7815,370,,,0,100,,7816,370,,,0,71,,7813,110,,,0,98,,7814,370,,,0,200,,7807,370,,,0
1800,'TM-A26-TM_GTFS-Week-end-02',715,,7820,370,,,0,100,,7821,370,,,0,100,,7822,370,,,0,400,,7823,370,,,0,200,,7817,370,,,0,100,,7818,370,,,0,100,,7819,370,,,0,300,,7824,370,,,0
1801,'TM-A26-TM_GTFS-Fête-2-02',623,,7827,370,0,6 7,0,100,,7828,370,0,6 7,0,93,,7836,370,0,6 7,0,107,,7829,370,0,6 7,0,200,,7830,370,0,6 7,0,200,,7831,370,0,6 7,0,200,,7832,370,0,6 7,0,104,,7826,370,0,6 7,0,100,,7834,370,0,6 7,0,96,,7833,370,0,6 7,0,197,,7825,370,0,6 7,0,200,,7835,370,0,6 7,0
1801,'TM-A26-TM_GTFS-Semaine-02',623,,7840,370,0,6 7,0,100,,7841,370,0,6 7,0,93,,7849,370,0,6 7,0,107,,7842,370,0,6 7,0,200,,7843,370,0,6 7,0,200,,7844,370,0,6 7,0,200,,7845,370,0,6 7,0,104,,7839,370,0,6 7,0,100,,7847,370,0,6 7,0,96,,7846,370,0,6 7,0,197,,7838,370,0,6 7,0,200,,7848,370,0,6 7,0
2201,'TM-A26-TM_GTFS-Semaine-02',1147,,8359,20,,,0,109,,8360,20,,,0,191,,8364,20,,,0,153,,8361,20,,,0,116,,8362,20,,,0,101,,8363,20,,,0
2701,'TM-A26-TM_GTFS-Semaine-02',836,,8465,20,,,0,766,,8461,20,,,0,103,,8462,20,,,0,103,,8466,20,,,0
2000001300,'TM-A26-TM_GTFS-Fête-2-02',1215,,8934,20,,,0,400,,8931,20,,,0,100,,8935,20,,,0,30,,8932,20,,,0,70,,8933,20,,,0
2000001300,'TM-A26-TM_GTFS-Semaine-02',1215,,8939,20,,,0,400,,8936,20,,,0,100,,8940,20,,,0,30,,8937,20,,,0,70,,8938,20,,,0
2000001500,'TM-A26-TM_GTFS-Fête-2-02',1216,,8949,20,,,0,400,,8950,20,,,0,100,,8951,20,,,0,100,,8952,20,,,0
2000001500,'TM-A26-TM_GTFS-Semaine-02',1216,,8953,20,,,0,400,,8954,20,,,0,100,,8955,20,,,0,100,,8956,20,,,0
