200,'TM-A26-TM_GTFS-Fête-1-02',736,,6985,690,,,0,206,,6986,690,,,0,200,,6987,690,,,0,200,,6988,690,,,0,200,,6989,690,,,0,195,,6990,690,,,0,198,,6991,690,,,0,200,,6992,690,,,0,200,,6993,690,,,0
200,'TM-A26-TM_GTFS-Fête-2-02',608,,6996,500,,,0,27,,7013,670,,,0,72,,7007,670,,,0,30,,7014,670,,,0,74,,7008,670,,,0,30,,7015,670,,,0,70,,7009,670,,,0,130,,7003,670,,,0,200,,7004,670,,,0,200,,7005,670,0,8 7,0,100,,7002,670,,,0,105,,7011,670,,,0,70,,7010,670,,,0,30,,7012,670,,,0,70,,7006,670,,,0,95,,6995,670,,,0,130,,7001,670,,,0,93,,6998,670,,,0,99,,6997,670,,,0,100,,6999,670,,,0
200,'TM-A26-TM_GTFS-Semaine-02',608,,7017,500,,,0,27,,7034,670,,,0,72,,7028,670,,,0,30,,7035,670,,,0,74,,7029,670,,,0,30,,7036,670,,,0,70,,7030,670,,,0,130,,7024,670,,,0,200,,7025,670,,,0,200,,7026,670,0,8 7,0,100,,7023,670,,,0,105,,7032,670,,,0,70,,7031,670,,,0,30,,7033,670,,,0,70,,7027,670,,,0,95,,7016,670,,,0,130,,7022,670,,,0,93,,7019,670,,,0,99,,7018,670,,,0,100,,7020,670,,,0
200,'TM-A26-TM_GTFS-Week-end-02',736,,7037,690,,,0,206,,7038,690,,,0,200,,7039,690,,,0,200,,7040,690,,,0,200,,7041,690,,,0,195,,7042,690,,,0,198,,7043,690,,,0,200,,7044,690,,,0,200,,7045,690,,,0
1400,'TM-A26-TM_GTFS-Fête-1-02',645,,7439,420,,,0,100,,7444,420,,,0,100,,7442,420,,,0,100,,7456,420,,,0,100,,7451,420,,,0,100,,7449,420,,,0,99,,7452,420,,,0,100,,7450,420,,,0,100,,7453,420,,,0,100,,7457,420,,,0,100,,7454,420,,,0,100,,7458,420,,,0,100,,7455,420,,,0,100,,7441,420,,,0,100,,7445,420,,,0,100,,7448,420,,,0,100,,7446,420,,,0,100,,7443,420,,,0,100,,7447,420,,,0,100,,7440,420,,,0
1400,'TM-A26-TM_GTFS-Fête-2-02',537,,7474,420,,,0,72,,7467,420,,,0,31,,7475,420,,,0,72,,7480,420,,,0,28,,7468,420,,,0,70,,7476,420,,,0,30,,7466,420,,,0,70,,7469,420,,,0,30,,7477,420,,,0,72,,7470,420,,,0,100,,7481,420,,,0,100,,7483,420,,,0,100,,7482,420,,,0,100,,7459,420,,,0,100,,7464,420,,,0,100,,7460,420,,,0,30,,7478,420,,,0,70,,7465,420,,,0,30,,7461,420,,,0,70,,7484,420,,,0,30,,7471,420,,,0,70,,7462,420,,,0,102,,7485,420,,,0,101,,7463,420,,,0,100,,7472,420,,,0,99,,7479,420,,,0,101,,7473,420,,,0,99,,7486,420,,,0
1400,'TM-A26-TM_GTFS-Semaine-02',537,,7502,420,,,0,72,,7495,420,,,0,31,,7503,420,,,0,72,,7508,420,,,0,28,,7496,420,,,0,70,,7504,420,,,0,30,,7494,420,,,0,70,,7497,420,,,0,30,,7505,420,,,0,72,,7498,420,,,0,100,,7509,420,,,0,100,,7511,420,,,0,100,,7510,420,,,0,100,,7487,420,,,0,100,,7492,420,,,0,100,,7488,420,,,0,30,,7506,420,,,0,70,,7493,420,,,0,30,,7489,420,,,0,70,,7512,420,,,0,30,,7499,420,,,0,70,,7490,420,,,0,102,,7513,420,,,0,101,,7491,420,,,0,100,,7500,420,,,0,99,,7507,420,,,0,101,,7501,420,,,0,99,,7514,420,,,0
1400,'TM-A26-TM_GTFS-Week-end-02',645,,7515,420,,,0,100,,7520,420,,,0,100,,7518,420,,,0,100,,7532,420,,,0,100,,7527,420,,,0,100,,7525,420,,,0,99,,7528,420,,,0,100,,7526,420,,,0,100,,7529,420,,,0,100,,7533,420,,,0,100,,7530,420,,,0,100,,7534,420,,,0,100,,7531,420,,,0,100,,7517,420,,,0,100,,7521,420,,,0,100,,7524,420,,,0,100,,7522,420,,,0,100,,7519,420,,,0,100,,7523,420,,,0,100,,7516,420,,,0
1701,'TM-A26-TM_GTFS-Fête-1-02',637,,7721,630,,,0,101,,7712,630,,,0,100,,7703,630,,,0,100,,7713,630,,,0,101,,7704,630,,,0,100,,7714,630,,,0,100,,7705,630,,,0,100,,7715,630,,,0,100,,7706,630,,,0,100,,7716,630,,,0,99,,7707,630,,,0,99,,7717,630,,,0,100,,7708,630,,,0,100,,7718,630,,,0,99,,7709,630,,,0,100,,7719,630,,,0,99,,7710,630,,,0,100,,7720,630,,,0,100,,7711,630,,,0
1701,'TM-A26-TM_GTFS-Fête-2-02',536,,7725,630,,,0,104,,7734,630,,,0,94,,7726,630,,,0,104,,7735,630,,,0,100,,7727,630,,,0,99,,7736,630,,,0,100,,7728,630,,,0,100,,7737,630,,,0,100,,7729,630,,,0,100,,7738,630,,,0,101,,7730,630,,,0,100,,7739,630,,,0,103,,7731,630,,,0,96,,7722,630,,,0,95,,7732,630,,,0,100,,7723,630,,,0,100,,7733,630,,,0,100,,7724,630,,,0,100,,7740,630,,,0,100,,7741,630,,,0
1701,'TM-A26-TM_GTFS-Semaine-02',536,,7745,630,,,0,104,,7754,630,,,0,94,,7746,630,,,0,104,,7755,630,,,0,100,,7747,630,,,0,99,,7756,630,,,0,100,,7748,630,,,0,100,,7757,630,,,0,100,,7749,630,,,0,100,,7758,630,,,0,101,,7750,630,,,0,100,,7759,630,,,0,103,,7751,630,,,0,96,,7742,630,,,0,95,,7752,630,,,0,100,,7743,630,,,0,100,,7753,630,,,0,100,,7744,630,,,0,100,,7760,630,,,0,100,,7761,630,,,0
1701,'TM-A26-TM_GTFS-Week-end-02',637,,7780,630,,,0,101,,7771,630,,,0,100,,7762,630,,,0,100,,7772,630,,,0,101,,7763,630,,,0,100,,7773,630,,,0,100,,7764,630,,,0,100,,7774,630,,,0,100,,7765,630,,,0,100,,7775,630,,,0,99,,7766,630,,,0,99,,7776,630,,,0,100,,7767,630,,,0,100,,7777,630,,,0,99,,7768,630,,,0,100,,7778,630,,,0,99,,7769,630,,,0,100,,7779,630,,,0,100,,7770,630,,,0
1800,'TM-A26-TM_GTFS-Fête-1-02',734,,7784,640,,,0,100,,7785,640,,,0,101,,7786,640,,,0,400,,7787,640,,,0,200,,7781,640,,,0,100,,7782,640,,,0,100,,7783,640,,,0,299,,7788,640,,,0
1800,'TM-A26-TM_GTFS-Fête-2-02',606,,7789,330,,,0,102,,7798,640,,,0,100,,7790,640,,,0,30,,7794,640,,,0,70,,7791,640,,,0,130,,7795,640,,,0,200,,7796,640,,,0,200,,7797,640,,,0,168,,7792,640,,,0,100,,7801,640,,,0,100,,7802,640,,,0,31,,7799,380,,,0,98,,7800,640,,,0,200,,7793,640,,,0
1800,'TM-A26-TM_GTFS-Semaine-02',606,,7803,330,,,0,102,,7812,640,,,0,100,,7804,640,,,0,30,,7808,640,,,0,70,,7805,640,,,0,130,,7809,640,,,0,200,,7810,640,,,0,200,,7811,640,,,0,168,,7806,640,,,0,100,,7815,640,,,0,100,,7816,640,,,0,31,,7813,380,,,0,98,,7814,640,,,0,200,,7807,640,,,0
1800,'TM-A26-TM_GTFS-Week-end-02',734,,7820,640,,,0,100,,7821,640,,,0,101,,7822,640,,,0,400,,7823,640,,,0,200,,7817,640,,,0,100,,7818,640,,,0,100,,7819,640,,,0,299,,7824,640,,,0
2301,'TM-A26-TM_GTFS-Fête-2-02',808,,8377,200,,,0,102,,8380,200,,,0,800,,8378,200,,,0,132,,8379,200,,,0
2301,'TM-A26-TM_GTFS-Semaine-02',808,,8381,200,,,0,102,,8384,200,,,0,396,,8386,200,,,0,200,,8385,200,,,0,204,,8382,200,,,0,132,,8383,200,,,0
3000,'TM-A26-TM_GTFS-Fête-2-02',454,,8495,50,,,0,72,,8489,50,,,0,30,,8483,50,,,0,65,,8496,50,,,0,20,,8481,50,,,0,60,,8490,50,,,0,20,,8491,50,,,0,20,,8486,50,,,0,70,,8484,50,,,0,35,,8487,50,,,0,700,,8471,50,,,0,65,,8478,50,,,0,33,,8485,50,,,0,169,,8472,50,,,0,41,,8494,50,,,0
3000,'TM-A26-TM_GTFS-Semaine-02',454,,8536,50,,,0,72,,8527,50,,,0,30,,8520,50,,,0,55,,8530,50,,,0,10,,8537,50,,,0,20,,8517,50,,,0,60,,8528,50,,,0,10,,8506,50,,,0,10,,8529,50,,,0,20,,8523,50,,,0,70,,8521,50,,,0,35,,8524,50,,,0,700,,8497,60,,,0,65,,8505,50,,,0,18,,8534,50,,,0,15,,8522,50,,,0,85,,8532,50,,,0,25,,8498,50,,,0,59,,8499,50,,,0,41,,8535,50,,,0
