1400,'TM-A26-TM_GTFS-Fête-1-01',623,,5259,40,,,0,100,,5264,40,,,0,98,,5262,40,,,0,99,,5276,40,,,0,99,,5271,40,,,0,100,,5269,40,,,0,100,,5272,40,,,0,100,,5270,40,,,0,100,,5273,40,,,0,102,,5277,40,,,0,100,,5274,40,,,0,100,,5278,40,,,0,100,,5275,40,,,0,99,,5261,40,,,0,100,,5265,40,,,0,100,,5268,40,,,0,101,,5266,40,,,0,102,,5263,40,,,0,100,,5267,40,,,0,100,,5260,40,,,0
1400,'TM-A26-TM_GTFS-Fête-2-01',510,,5294,40,,,0,30,,5287,40,,,0,70,,5295,40,,,0,30,,5300,40,,,0,67,,5288,40,,,0,32,,5296,40,,,0,70,,5286,40,,,0,34,,5289,40,,,0,70,,5297,40,,,0,32,,5290,40,,,0,100,,5301,40,,,0,100,,5303,40,,,0,100,,5302,40,,,0,100,,5279,40,,,0,100,,5284,40,,,0,101,,5280,40,,,0,70,,5298,40,,,0,30,,5285,40,,,0,70,,5281,40,,,0,30,,5304,40,,,0,72,,5291,40,,,0,30,,5282,40,,,0,102,,5305,40,,,0,101,,5283,40,,,0,100,,5292,40,,,0,102,,5299,40,,,0,101,,5293,40,,,0,99,,5306,40,,,0
1400,'TM-A26-TM_GTFS-Semaine-01',510,,5322,40,,,0,30,,5315,40,,,0,70,,5323,40,,,0,30,,5328,40,,,0,67,,5316,40,,,0,32,,5324,40,,,0,70,,5314,40,,,0,34,,5317,40,,,0,70,,5325,40,,,0,32,,5318,40,,,0,100,,5329,40,,,0,100,,5331,40,,,0,100,,5330,40,,,0,100,,5307,40,,,0,100,,5312,40,,,0,101,,5308,40,,,0,70,,5326,40,,,0,30,,5313,40,,,0,70,,5309,40,,,0,30,,5332,40,,,0,72,,5319,40,,,0,30,,5310,40,,,0,102,,5333,40,,,0,101,,5311,40,,,0,100,,5320,40,,,0,102,,5327,40,,,0,101,,5321,40,,,0,99,,5334,40,,,0
1400,'TM-A26-TM_GTFS-Week-end-01',623,,5335,40,,,0,100,,5340,40,,,0,98,,5338,40,,,0,99,,5352,40,,,0,99,,5347,40,,,0,100,,5345,40,,,0,100,,5348,40,,,0,100,,5346,40,,,0,100,,5349,40,,,0,102,,5353,40,,,0,100,,5350,40,,,0,100,,5354,40,,,0,100,,5351,40,,,0,99,,5337,40,,,0,100,,5341,40,,,0,100,,5344,40,,,0,101,,5342,40,,,0,102,,5339,40,,,0,100,,5343,40,,,0,100,,5336,40,,,0
1701,'TM-A26-TM_GTFS-Fête-1-01',612,,5541,280,,,0,100,,5532,280,,,0,100,,5523,280,,,0,100,,5533,280,,,0,100,,5524,280,,,0,100,,5534,280,,,0,100,,5525,280,,,0,100,,5535,280,,,0,100,,5526,280,,,0,100,,5536,280,,,0,100,,5527,280,,,0,100,,5537,280,,,0,100,,5528,280,,,0,100,,5538,280,,,0,100,,5529,280,,,0,100,,5539,280,,,0,100,,5530,280,,,0,100,,5540,280,,,0,100,,5531,280,,,0
1701,'TM-A26-TM_GTFS-Fête-2-01',510,,5545,280,,,0,100,,5554,280,,,0,94,,5546,280,,,0,106,,5555,280,,,0,100,,5547,280,,,0,100,,5556,280,,,0,100,,5548,280,,,0,100,,5557,280,,,0,100,,5549,280,,,0,100,,5558,280,,,0,100,,5550,280,,,0,100,,5559,280,,,0,104,,5551,280,,,0,100,,5542,280,,,0,95,,5552,280,,,0,100,,5543,280,,,0,100,,5553,280,,,0,100,,5544,280,,,0,100,,5560,280,,,0,100,,5561,280,,,0
1701,'TM-A26-TM_GTFS-Semaine-01',510,,5565,280,,,0,100,,5574,280,,,0,94,,5566,280,,,0,106,,5575,280,,,0,100,,5567,280,,,0,100,,5576,280,,,0,100,,5568,280,,,0,100,,5577,280,,,0,100,,5569,280,,,0,100,,5578,280,,,0,100,,5570,280,,,0,100,,5579,280,,,0,104,,5571,280,,,0,100,,5562,280,,,0,95,,5572,280,,,0,100,,5563,280,,,0,100,,5573,280,,,0,100,,5564,280,,,0,100,,5580,280,,,0,100,,5581,280,,,0
1701,'TM-A26-TM_GTFS-Week-end-01',612,,5600,280,,,0,100,,5591,280,,,0,100,,5582,280,,,0,100,,5592,280,,,0,100,,5583,280,,,0,100,,5593,280,,,0,100,,5584,280,,,0,100,,5594,280,,,0,100,,5585,280,,,0,100,,5595,280,,,0,100,,5586,280,,,0,100,,5596,280,,,0,100,,5587,280,,,0,100,,5597,280,,,0,100,,5588,280,,,0,100,,5598,280,,,0,100,,5589,280,,,0,100,,5599,280,,,0,100,,5590,280,,,0
41700,'TM-A26-TM_GTFS-Fête-2-01',540,,6507,40,,,0,73,,6509,40,,,0,40,,6506,40,,,0,99,,6508,40,,,0
41700,'TM-A26-TM_GTFS-Semaine-01',540,,6511,40,,,0,73,,6513,40,,,0,40,,6510,40,,,0,99,,6512,40,,,0
2000001501,'TM-A26-TM_GTFS-Fête-2-01',703,,6777,60,,,0,110,,6778,60,,,0,90,,6779,60,,,0,315,,6780,60,,,0
2000001501,'TM-A26-TM_GTFS-Semaine-01',703,,6781,60,,,0,110,,6782,60,,,0,90,,6783,60,,,0,315,,6784,60,,,0
2000041700,'TM-A26-TM_GTFS-Fête-2-01',1257,,6879,40,,,0
2000041700,'TM-A26-TM_GTFS-Semaine-01',1257,,6880,40,,,0
