300,'TM-A26-TM_GTFS-Fête-1-02',629,,7047,470,,,0,201,,7048,590,,,0,207,,7049,590,,,0,200,,7050,590,,,0,200,,7051,590,,,0,197,,7052,590,,,0,197,,7053,590,,,0,199,,7054,590,,,0,200,,7055,590,,,0,198,,7056,590,,,0
300,'TM-A26-TM_GTFS-Fête-2-02',536,,7058,460,,,0,98,,7059,580,,,0,70,,7075,580,,,0,31,,7069,580,,,0,70,,7074,580,,,0,32,,7068,580,,,0,100,,7063,580,,,0,200,,7064,580,,,0,200,,7065,580,,,0,171,,7067,580,,,0,105,,7066,580,,,0,99,,7072,580,,,0,28,,7071,580,,,0,66,,7073,580,,,0,30,,7070,580,,,0,95,,7057,580,,,0,128,,7060,580,,,0,100,,7061,580,,,0,267,,7062,580,,,0
300,'TM-A26-TM_GTFS-Semaine-02',536,,7077,460,,,0,98,,7078,580,,,0,70,,7094,580,,,0,31,,7088,580,,,0,70,,7093,580,,,0,32,,7087,580,,,0,100,,7082,580,,,0,200,,7083,580,,,0,200,,7084,580,,,0,171,,7086,580,,,0,105,,7085,580,,,0,99,,7091,580,,,0,28,,7090,580,,,0,66,,7092,580,,,0,30,,7089,580,,,0,95,,7076,580,,,0,128,,7079,580,,,0,100,,7080,580,,,0,267,,7081,580,,,0
300,'TM-A26-TM_GTFS-Week-end-02',629,,7095,470,,,0,201,,7096,590,,,0,207,,7097,590,,,0,200,,7098,590,,,0,200,,7099,590,,,0,197,,7100,590,,,0,197,,7101,590,,,0,199,,7102,590,,,0,200,,7103,590,,,0,198,,7104,590,,,0
400,'TM-A26-TM_GTFS-Fête-2-02',1656,,7109,360,,,0,91,,7105,360,,,0,100,,7106,360,,,0,294,,7107,360,,,0,275,,7108,360,,,0
400,'TM-A26-TM_GTFS-Semaine-02',1656,,7114,360,,,0,91,,7110,360,,,0,100,,7111,360,,,0,294,,7112,360,,,0,275,,7113,360,,,0
1101,'TM-A26-TM_GTFS-Fête-1-02',636,,7359,600,,,0,100,,7349,600,,,0,100,,7360,600,,,0,100,,7350,600,,,0,101,,7351,600,,,0,100,,7361,600,,,0,100,,7352,600,,,0,100,,7362,600,,,0,100,,7353,600,,,0,100,,7363,600,,,0,100,,7354,600,,,0,100,,7364,600,,,0,99,,7355,600,,,0,99,,7365,600,,,0,100,,7356,600,,,0,99,,7366,600,,,0,100,,7357,600,,,0,100,,7367,600,,,0,100,,7358,600,,,0
1101,'TM-A26-TM_GTFS-Fête-2-02',604,,7377,490,,,0,30,,7373,600,,,0,70,,7368,600,,,0,30,,7388,600,,,0,70,,7378,600,,,0,30,,7381,600,,,0,100,,7389,600,,,0,100,,7382,600,,,0,102,,7385,600,,,0,100,,7383,600,,,0,100,,7386,600,,,0,100,,7384,600,,,0,97,,7387,600,,,0,70,,7379,600,,,0,32,,7393,600,,,0,70,,7374,600,,,0,31,,7376,600,,,0,69,,7380,600,,,0,30,,7369,600,,,0,69,,7375,600,,,0,30,,7390,600,,,0,103,,7370,600,,,0,99,,7391,600,,,0,101,,7371,600,,,0,99,,7392,600,,,0,101,,7372,600,,,0
1101,'TM-A26-TM_GTFS-Semaine-02',604,,7403,490,,,0,30,,7399,600,,,0,70,,7394,600,,,0,30,,7414,600,,,0,70,,7404,600,,,0,30,,7407,600,,,0,100,,7415,600,,,0,100,,7408,600,,,0,102,,7411,600,,,0,100,,7409,600,,,0,100,,7412,600,,,0,100,,7410,600,,,0,97,,7413,600,,,0,70,,7405,600,,,0,32,,7419,600,,,0,70,,7400,600,,,0,31,,7402,600,,,0,69,,7406,600,,,0,30,,7395,600,,,0,69,,7401,600,,,0,30,,7416,600,,,0,103,,7396,600,,,0,99,,7417,600,,,0,101,,7397,600,,,0,99,,7418,600,,,0,101,,7398,600,,,0
1101,'TM-A26-TM_GTFS-Week-end-02',636,,7430,600,,,0,100,,7420,600,,,0,100,,7431,600,,,0,100,,7421,600,,,0,101,,7422,600,,,0,100,,7432,600,,,0,100,,7423,600,,,0,100,,7433,600,,,0,100,,7424,600,,,0,100,,7434,600,,,0,100,,7425,600,,,0,100,,7435,600,,,0,99,,7426,600,,,0,99,,7436,600,,,0,100,,7427,600,,,0,99,,7437,600,,,0,100,,7428,600,,,0,100,,7438,600,,,0,100,,7429,600,,,0
2001,'TM-A26-TM_GTFS-Fête-1-02',634,,8258,230,,,0,101,,8259,230,,,0,101,,8260,230,,,0,100,,8261,230,,,0,101,,8252,230,,,0,101,,8253,230,,,0,100,,8262,230,,,0,101,,8263,230,,,0,100,,8264,230,,,0,99,,8254,230,,,0,100,,8255,230,,,0,99,,8256,230,,,0,98,,8257,230,,,0,100,,8265,230,,,0,100,,8266,230,,,0,100,,8267,230,,,0,99,,8268,230,,,0,100,,8269,230,,,0,100,,8270,230,,,0
2001,'TM-A26-TM_GTFS-Fête-2-02',535,,8275,230,,,0,101,,8276,230,,,0,70,,8272,230,,,0,30,,8277,230,,,0,72,,8296,230,,,0,30,,8278,230,,,0,70,,8294,230,,,0,30,,8279,230,,,0,100,,8280,230,,,0,101,,8271,230,,,0,100,,8281,230,,,0,100,,8288,230,,,0,99,,8289,230,,,0,99,,8290,230,,,0,100,,8291,230,,,0,65,,8292,230,,,0,30,,8273,230,,,0,70,,8293,230,,,0,30,,8282,230,,,0,71,,8295,230,,,0,28,,8274,230,,,0,105,,8283,230,,,0,99,,8284,230,,,0,98,,8285,230,,,0,100,,8286,230,,,0,100,,8287,230,,,0
2001,'TM-A26-TM_GTFS-Semaine-02',535,,8301,230,,,0,101,,8302,230,,,0,70,,8298,230,,,0,30,,8303,230,,,0,72,,8322,230,,,0,30,,8304,230,,,0,70,,8320,230,,,0,30,,8305,230,,,0,100,,8306,230,,,0,101,,8297,230,,,0,100,,8307,230,,,0,100,,8314,230,,,0,99,,8315,230,,,0,99,,8316,230,,,0,100,,8317,230,,,0,65,,8318,230,,,0,30,,8299,230,,,0,70,,8319,230,,,0,30,,8308,230,,,0,71,,8321,230,,,0,28,,8300,230,,,0,105,,8309,230,,,0,99,,8310,230,,,0,98,,8311,230,,,0,100,,8312,230,,,0,100,,8313,230,,,0
2001,'TM-A26-TM_GTFS-Week-end-02',634,,8329,230,,,0,101,,8330,230,,,0,101,,8331,230,,,0,100,,8332,230,,,0,101,,8323,230,,,0,101,,8324,230,,,0,100,,8333,230,,,0,101,,8334,230,,,0,100,,8335,230,,,0,99,,8325,230,,,0,100,,8326,230,,,0,99,,8327,230,,,0,98,,8328,230,,,0,100,,8336,230,,,0,100,,8337,230,,,0,100,,8338,230,,,0,99,,8339,230,,,0,100,,8340,230,,,0,100,,8341,230,,,0
2100,'TM-A26-TM_GTFS-Fête-2-02',636,,8343,320,0,5,0,94,,8342,540,0,5,0,100,,8344,540,0,5,0,100,,8345,540,0,5,0
2100,'TM-A26-TM_GTFS-Semaine-02',636,,8347,320,0,5,0,94,,8346,540,0,5,0,100,,8348,540,0,5,0,100,,8349,540,0,5,0
2101,'TM-A26-TM_GTFS-Fête-2-02',1637,,8352,540,0,5,0,99,,8351,540,0,5,0,100,,8350,540,0,5,0
2101,'TM-A26-TM_GTFS-Semaine-02',1637,,8355,540,0,5,0,99,,8354,540,0,5,0,100,,8353,540,0,5,0
2701,'TM-A26-TM_GTFS-Semaine-02',600,,8460,190,,,0,58,,8463,190,,,0,100,,8464,190,,,0,100,,8465,280,,,0,769,,8461,280,,,0,103,,8462,280,,,0,100,,8466,280,,,0
