1400,'TM-A26-TM_GTFS-Fête-1-02',629,,7439,170,,,0,100,,7444,170,,,0,99,,7442,170,,,0,98,,7456,170,,,0,99,,7451,170,,,0,100,,7449,170,,,0,100,,7452,170,,,0,100,,7450,170,,,0,100,,7453,170,,,0,102,,7457,170,,,0,100,,7454,170,,,0,100,,7458,170,,,0,100,,7455,170,,,0,100,,7441,170,,,0,100,,7445,170,,,0,100,,7448,170,,,0,101,,7446,170,,,0,102,,7443,170,,,0,100,,7447,170,,,0,100,,7440,170,,,0
1400,'TM-A26-TM_GTFS-Fête-2-02',517,,7474,170,,,0,31,,7467,170,,,0,70,,7475,170,,,0,30,,7480,170,,,0,67,,7468,170,,,0,31,,7476,170,,,0,70,,7466,170,,,0,34,,7469,170,,,0,70,,7477,170,,,0,32,,7470,170,,,0,100,,7481,170,,,0,100,,7483,170,,,0,100,,7482,170,,,0,100,,7459,170,,,0,100,,7464,170,,,0,100,,7460,170,,,0,70,,7478,170,,,0,30,,7465,170,,,0,70,,7461,170,,,0,30,,7484,170,,,0,72,,7471,170,,,0,30,,7462,170,,,0,102,,7485,170,,,0,101,,7463,170,,,0,100,,7472,170,,,0,102,,7479,170,,,0,141,,7473,170,,,0,59,,7486,170,,,0
1400,'TM-A26-TM_GTFS-Semaine-02',517,,7502,170,,,0,31,,7495,170,,,0,70,,7503,170,,,0,30,,7508,170,,,0,67,,7496,170,,,0,31,,7504,170,,,0,70,,7494,170,,,0,34,,7497,170,,,0,70,,7505,170,,,0,32,,7498,170,,,0,100,,7509,170,,,0,100,,7511,170,,,0,100,,7510,170,,,0,100,,7487,170,,,0,100,,7492,170,,,0,100,,7488,170,,,0,70,,7506,170,,,0,30,,7493,170,,,0,70,,7489,170,,,0,30,,7512,170,,,0,72,,7499,170,,,0,30,,7490,170,,,0,102,,7513,170,,,0,101,,7491,170,,,0,100,,7500,170,,,0,102,,7507,170,,,0,141,,7501,170,,,0,59,,7514,170,,,0
1400,'TM-A26-TM_GTFS-Week-end-02',629,,7515,170,,,0,100,,7520,170,,,0,99,,7518,170,,,0,98,,7532,170,,,0,99,,7527,170,,,0,100,,7525,170,,,0,100,,7528,170,,,0,100,,7526,170,,,0,100,,7529,170,,,0,102,,7533,170,,,0,100,,7530,170,,,0,100,,7534,170,,,0,100,,7531,170,,,0,100,,7517,170,,,0,100,,7521,170,,,0,100,,7524,170,,,0,101,,7522,170,,,0,102,,7519,170,,,0,100,,7523,170,,,0,100,,7516,170,,,0
41701,'TM-A26-TM_GTFS-Fête-2-02',1739,,8694,280,,,0,87,,8696,280,,,0,76,,8697,280,,,0,38,,8695,280,,,0
41701,'TM-A26-TM_GTFS-Semaine-02',1739,,8698,280,,,0,87,,8700,280,,,0,76,,8701,280,,,0,38,,8699,280,,,0
2000001501,'TM-A26-TM_GTFS-Fête-2-02',711,,8957,190,,,0,110,,8958,190,,,0,90,,8959,190,,,0,315,,8960,190,,,0
2000001501,'TM-A26-TM_GTFS-Semaine-02',711,,8961,190,,,0,110,,8962,190,,,0,90,,8963,190,,,0,315,,8964,190,,,0
2000041701,'TM-A26-TM_GTFS-Fête-2-02',1345,,9061,280,,,0
2000041701,'TM-A26-TM_GTFS-Semaine-02',1345,,9062,280,,,0
