200,'TM-A26-TM_GTFS-Fête-1-02',734,,6985,670,,,0,206,,6986,670,,,0,200,,6987,670,,,0,200,,6988,670,,,0,200,,6989,670,,,0,195,,6990,670,,,0,198,,6991,670,,,0,200,,6992,670,,,0,200,,6993,670,,,0
200,'TM-A26-TM_GTFS-Fête-2-02',606,,6996,480,,,0,27,,7013,650,,,0,72,,7007,650,,,0,30,,7014,650,,,0,74,,7008,650,,,0,30,,7015,650,,,0,70,,7009,650,,,0,130,,7003,650,,,0,200,,7004,650,,,0,200,,7005,650,0,8 7,0,100,,7002,650,,,0,105,,7011,650,,,0,70,,7010,650,,,0,30,,7012,650,,,0,70,,7006,650,,,0,96,,6995,650,,,0,130,,7001,650,,,0,93,,6998,650,,,0,99,,6997,650,,,0,100,,6999,650,,,0
200,'TM-A26-TM_GTFS-Semaine-02',606,,7017,480,,,0,27,,7034,650,,,0,72,,7028,650,,,0,30,,7035,650,,,0,74,,7029,650,,,0,30,,7036,650,,,0,70,,7030,650,,,0,130,,7024,650,,,0,200,,7025,650,,,0,200,,7026,650,0,8 7,0,100,,7023,650,,,0,105,,7032,650,,,0,70,,7031,650,,,0,30,,7033,650,,,0,70,,7027,650,,,0,96,,7016,650,,,0,130,,7022,650,,,0,93,,7019,650,,,0,99,,7018,650,,,0,100,,7020,650,,,0
200,'TM-A26-TM_GTFS-Week-end-02',734,,7037,670,,,0,206,,7038,670,,,0,200,,7039,670,,,0,200,,7040,670,,,0,200,,7041,670,,,0,195,,7042,670,,,0,198,,7043,670,,,0,200,,7044,670,,,0,200,,7045,670,,,0
1400,'TM-A26-TM_GTFS-Fête-1-02',644,,7439,400,,,0,100,,7444,400,,,0,99,,7442,400,,,0,100,,7456,400,,,0,100,,7451,400,,,0,100,,7449,400,,,0,99,,7452,400,,,0,100,,7450,400,,,0,100,,7453,400,,,0,100,,7457,400,,,0,100,,7454,400,,,0,100,,7458,400,,,0,100,,7455,400,,,0,100,,7441,400,,,0,100,,7445,400,,,0,100,,7448,400,,,0,100,,7446,400,,,0,101,,7443,400,,,0,100,,7447,400,,,0,100,,7440,400,,,0
1400,'TM-A26-TM_GTFS-Fête-2-02',535,,7474,400,,,0,72,,7467,400,,,0,31,,7475,400,,,0,72,,7480,400,,,0,28,,7468,400,,,0,70,,7476,400,,,0,30,,7466,400,,,0,70,,7469,400,,,0,30,,7477,400,,,0,72,,7470,400,,,0,100,,7481,400,,,0,100,,7483,400,,,0,100,,7482,400,,,0,100,,7459,400,,,0,100,,7464,400,,,0,100,,7460,400,,,0,30,,7478,400,,,0,70,,7465,400,,,0,30,,7461,400,,,0,70,,7484,400,,,0,30,,7471,400,,,0,70,,7462,400,,,0,102,,7485,400,,,0,101,,7463,400,,,0,100,,7472,400,,,0,99,,7479,400,,,0,101,,7473,400,,,0,99,,7486,400,,,0
1400,'TM-A26-TM_GTFS-Semaine-02',535,,7502,400,,,0,72,,7495,400,,,0,31,,7503,400,,,0,72,,7508,400,,,0,28,,7496,400,,,0,70,,7504,400,,,0,30,,7494,400,,,0,70,,7497,400,,,0,30,,7505,400,,,0,72,,7498,400,,,0,100,,7509,400,,,0,100,,7511,400,,,0,100,,7510,400,,,0,100,,7487,400,,,0,100,,7492,400,,,0,100,,7488,400,,,0,30,,7506,400,,,0,70,,7493,400,,,0,30,,7489,400,,,0,70,,7512,400,,,0,30,,7499,400,,,0,70,,7490,400,,,0,102,,7513,400,,,0,101,,7491,400,,,0,100,,7500,400,,,0,99,,7507,400,,,0,101,,7501,400,,,0,99,,7514,400,,,0
1400,'TM-A26-TM_GTFS-Week-end-02',644,,7515,400,,,0,100,,7520,400,,,0,99,,7518,400,,,0,100,,7532,400,,,0,100,,7527,400,,,0,100,,7525,400,,,0,99,,7528,400,,,0,100,,7526,400,,,0,100,,7529,400,,,0,100,,7533,400,,,0,100,,7530,400,,,0,100,,7534,400,,,0,100,,7531,400,,,0,100,,7517,400,,,0,100,,7521,400,,,0,100,,7524,400,,,0,100,,7522,400,,,0,101,,7519,400,,,0,100,,7523,400,,,0,100,,7516,400,,,0
1701,'TM-A26-TM_GTFS-Fête-1-02',635,,7721,610,,,0,101,,7712,610,,,0,100,,7703,610,,,0,100,,7713,610,,,0,101,,7704,610,,,0,100,,7714,610,,,0,100,,7705,610,,,0,100,,7715,610,,,0,100,,7706,610,,,0,100,,7716,610,,,0,99,,7707,610,,,0,99,,7717,610,,,0,100,,7708,610,,,0,100,,7718,610,,,0,99,,7709,610,,,0,100,,7719,610,,,0,99,,7710,610,,,0,100,,7720,610,,,0,100,,7711,610,,,0
1701,'TM-A26-TM_GTFS-Fête-2-02',535,,7725,610,,,0,103,,7734,610,,,0,94,,7726,610,,,0,104,,7735,610,,,0,100,,7727,610,,,0,99,,7736,610,,,0,100,,7728,610,,,0,100,,7737,610,,,0,100,,7729,610,,,0,100,,7738,610,,,0,101,,7730,610,,,0,100,,7739,610,,,0,103,,7731,610,,,0,96,,7722,610,,,0,95,,7732,610,,,0,100,,7723,610,,,0,100,,7733,610,,,0,100,,7724,610,,,0,100,,7740,610,,,0,100,,7741,610,,,0
1701,'TM-A26-TM_GTFS-Semaine-02',535,,7745,610,,,0,103,,7754,610,,,0,94,,7746,610,,,0,104,,7755,610,,,0,100,,7747,610,,,0,99,,7756,610,,,0,100,,7748,610,,,0,100,,7757,610,,,0,100,,7749,610,,,0,100,,7758,610,,,0,101,,7750,610,,,0,100,,7759,610,,,0,103,,7751,610,,,0,96,,7742,610,,,0,95,,7752,610,,,0,100,,7743,610,,,0,100,,7753,610,,,0,100,,7744,610,,,0,100,,7760,610,,,0,100,,7761,610,,,0
1701,'TM-A26-TM_GTFS-Week-end-02',635,,7780,610,,,0,101,,7771,610,,,0,100,,7762,610,,,0,100,,7772,610,,,0,101,,7763,610,,,0,100,,7773,610,,,0,100,,7764,610,,,0,100,,7774,610,,,0,100,,7765,610,,,0,100,,7775,610,,,0,99,,7766,610,,,0,99,,7776,610,,,0,100,,7767,610,,,0,100,,7777,610,,,0,99,,7768,610,,,0,100,,7778,610,,,0,99,,7769,610,,,0,100,,7779,610,,,0,100,,7770,610,,,0
2301,'TM-A26-TM_GTFS-Fête-2-02',806,,8377,180,,,0,102,,8380,180,,,0,800,,8378,180,,,0,133,,8379,180,,,0
2301,'TM-A26-TM_GTFS-Semaine-02',806,,8381,180,,,0,102,,8384,180,,,0,396,,8386,180,,,0,200,,8385,180,,,0,204,,8382,180,,,0,133,,8383,180,,,0
