300,'TM-A26-TM_GTFS-Fête-1-01',755,,4868,30,,,0,200,,4869,30,,,0,200,,4870,30,,,0,200,,4871,30,,,0,200,,4872,30,,,0,200,,4873,30,,,0,200,,4874,30,,,0,200,,4875,30,,,0,200,,4876,30,,,0
300,'TM-A26-TM_GTFS-Fête-2-01',555,,4879,30,,,0,70,,4895,30,,,0,30,,4889,30,,,0,70,,4894,30,,,0,30,,4888,30,,,0,100,,4883,30,,,0,201,,4884,30,,,0,200,,4885,30,,,0,170,,4887,30,,,0,105,,4886,30,,,0,96,,4892,30,,,0,29,,4891,30,,,0,70,,4893,30,,,0,30,,4890,30,,,0,100,,4877,30,,,0,169,,4880,30,,,0,100,,4881,30,,,0,230,,4882,30,,,0
300,'TM-A26-TM_GTFS-Semaine-01',555,,4898,30,,,0,70,,4914,30,,,0,30,,4908,30,,,0,70,,4913,30,,,0,30,,4907,30,,,0,100,,4902,30,,,0,201,,4903,30,,,0,200,,4904,30,,,0,170,,4906,30,,,0,105,,4905,30,,,0,96,,4911,30,,,0,29,,4910,30,,,0,70,,4912,30,,,0,30,,4909,30,,,0,100,,4896,30,,,0,169,,4899,30,,,0,100,,4900,30,,,0,230,,4901,30,,,0
300,'TM-A26-TM_GTFS-Week-end-01',755,,4916,30,,,0,200,,4917,30,,,0,200,,4918,30,,,0,200,,4919,30,,,0,200,,4920,30,,,0,200,,4921,30,,,0,200,,4922,30,,,0,200,,4923,30,,,0,200,,4924,30,,,0
1401,'TM-A26-TM_GTFS-Fête-1-01',752,,5360,30,,,0,103,,5357,30,,,0,101,,5371,30,,,0,100,,5367,30,,,0,100,,5365,30,,,0,100,,5368,30,,,0,100,,5366,30,,,0,100,,5369,30,,,0,100,,5372,30,,,0,100,,5370,30,,,0,100,,5355,30,,,0,100,,5358,30,,,0,100,,5356,30,,,0,100,,5361,30,,,0,97,,5364,30,,,0,103,,5362,30,,,0,99,,5359,30,,,0,100,,5363,30,,,0
1401,'TM-A26-TM_GTFS-Fête-2-01',625,,5380,30,,,0,30,,5388,30,,,0,70,,5399,30,,,0,30,,5381,30,,,0,70,,5389,30,,,0,30,,5379,30,,,0,70,,5382,30,,,0,30,,5390,30,,,0,70,,5383,30,,,0,100,,5392,30,,,0,100,,5394,30,,,0,100,,5393,30,,,0,101,,5373,30,,,0,100,,5378,30,,,0,100,,5374,30,,,0,30,,5395,30,,,0,70,,5384,30,,,0,30,,5375,30,,,0,69,,5396,30,,,0,30,,5385,30,,,0,70,,5376,30,,,0,100,,5397,30,,,0,100,,5377,30,,,0,100,,5386,30,,,0,100,,5391,30,,,0,100,,5387,30,,,0,100,,5398,30,,,0
1401,'TM-A26-TM_GTFS-Semaine-01',625,,5407,30,,,0,30,,5415,30,,,0,70,,5426,30,,,0,30,,5408,30,,,0,70,,5416,30,,,0,30,,5406,30,,,0,70,,5409,30,,,0,30,,5417,30,,,0,70,,5410,30,,,0,100,,5419,30,,,0,100,,5421,30,,,0,100,,5420,30,,,0,101,,5400,30,,,0,100,,5405,30,,,0,100,,5401,30,,,0,30,,5422,30,,,0,70,,5411,30,,,0,30,,5402,30,,,0,69,,5423,30,,,0,30,,5412,30,,,0,70,,5403,30,,,0,100,,5424,30,,,0,100,,5404,30,,,0,100,,5413,30,,,0,100,,5418,30,,,0,100,,5414,30,,,0,100,,5425,30,,,0
1401,'TM-A26-TM_GTFS-Week-end-01',752,,5432,30,,,0,103,,5429,30,,,0,101,,5443,30,,,0,100,,5439,30,,,0,100,,5437,30,,,0,100,,5440,30,,,0,100,,5438,30,,,0,100,,5441,30,,,0,100,,5444,30,,,0,100,,5442,30,,,0,100,,5427,30,,,0,100,,5430,30,,,0,100,,5428,30,,,0,100,,5433,30,,,0,97,,5436,30,,,0,103,,5434,30,,,0,99,,5431,30,,,0,100,,5435,30,,,0
1700,'TM-A26-TM_GTFS-Fête-1-01',655,,5445,30,,,0,100,,5455,30,,,0,100,,5446,30,,,0,101,,5456,30,,,0,100,,5447,30,,,0,100,,5457,30,,,0,100,,5448,30,,,0,100,,5458,30,,,0,100,,5449,30,,,0,100,,5459,30,,,0,100,,5450,30,,,0,100,,5460,30,,,0,99,,5451,30,,,0,100,,5461,30,,,0,100,,5452,30,,,0,100,,5462,30,,,0,100,,5453,30,,,0,100,,5463,30,,,0,100,,5454,30,,,0
1700,'TM-A26-TM_GTFS-Fête-2-01',555,,5468,30,,,0,101,,5476,30,,,0,100,,5469,30,,,0,100,,5477,30,,,0,100,,5470,30,,,0,100,,5464,30,,,0,100,,5471,30,,,0,100,,5478,30,,,0,100,,5472,30,,,0,100,,5479,30,,,0,100,,5473,30,,,0,100,,5465,30,,,0,100,,5474,30,,,0,100,,5466,30,,,0,100,,5475,30,,,0,100,,5467,30,,,0,100,,5481,30,,,0,99,,5483,30,,,0,100,,5482,30,,,0,100,,5480,30,,,0
1700,'TM-A26-TM_GTFS-Semaine-01',555,,5488,30,,,0,101,,5496,30,,,0,100,,5489,30,,,0,100,,5497,30,,,0,100,,5490,30,,,0,100,,5484,30,,,0,100,,5491,30,,,0,100,,5498,30,,,0,100,,5492,30,,,0,100,,5499,30,,,0,100,,5493,30,,,0,100,,5485,30,,,0,100,,5494,30,,,0,100,,5486,30,,,0,100,,5495,30,,,0,100,,5487,30,,,0,100,,5501,30,,,0,99,,5503,30,,,0,100,,5502,30,,,0,100,,5500,30,,,0
1700,'TM-A26-TM_GTFS-Week-end-01',655,,5504,30,,,0,100,,5514,30,,,0,100,,5505,30,,,0,101,,5515,30,,,0,100,,5506,30,,,0,100,,5516,30,,,0,100,,5507,30,,,0,100,,5517,30,,,0,100,,5508,30,,,0,100,,5518,30,,,0,100,,5509,30,,,0,100,,5519,30,,,0,99,,5510,30,,,0,100,,5520,30,,,0,100,,5511,30,,,0,100,,5521,30,,,0,100,,5512,30,,,0,100,,5522,30,,,0,100,,5513,30,,,0
2300,'TM-A26-TM_GTFS-Fête-2-01',554,,6185,30,,,0,101,,6186,30,,,0,100,,6188,30,,,0,100,,6189,30,,,0,881,,6187,30,,,0
2300,'TM-A26-TM_GTFS-Semaine-01',554,,6190,30,,,0,101,,6191,30,,,0,100,,6193,30,,,0,100,,6196,30,,,0,300,,6195,30,,,0,200,,6194,30,,,0,381,,6192,30,,,0
