1100,'TM-A26-TM_GTFS-Fête-1-02',626,,7251,540,,,0,100,,7261,540,,,0,101,,7252,540,,,0,101,,7253,540,,,0,100,,7262,540,,,0,101,,7254,540,,,0,100,,7263,540,,,0,100,,7255,540,,,0,100,,7264,540,,,0,100,,7256,540,,,0,100,,7265,540,,,0,100,,7257,540,,,0,99,,7266,540,,,0,100,,7258,540,,,0,100,,7267,540,,,0,98,,7259,540,,,0,100,,7268,540,,,0,100,,7260,540,,,0,100,,7269,540,,,0,100,,7270,540,,,0
1100,'TM-A26-TM_GTFS-Fête-2-02',556,,7271,540,,,0,70,,7293,540,,,0,30,,7282,540,,,0,70,,7278,540,,,0,30,,7272,540,,,0,70,,7294,540,,,0,30,,7283,540,,,0,71,,7286,540,,,0,101,,7290,540,,,0,100,,7287,540,,,0,100,,7291,540,,,0,100,,7288,540,,,0,101,,7292,540,,,0,100,,7299,540,,,0,30,,7279,540,,,0,70,,7281,540,,,0,30,,7284,540,,,0,70,,7273,540,,,0,30,,7280,540,,,0,70,,7295,540,,,0,30,,7285,540,,,0,69,,7274,540,,,0,28,,7289,540,,,0,70,,7296,540,,,0,100,,7275,540,,,0,100,,7297,540,,,0,100,,7276,540,,,0,100,,7298,540,,,0,100,,7277,540,,,0
1100,'TM-A26-TM_GTFS-Semaine-02',556,,7300,540,,,0,70,,7322,540,,,0,30,,7311,540,,,0,70,,7307,540,,,0,30,,7301,540,,,0,70,,7323,540,,,0,30,,7312,540,,,0,71,,7315,540,,,0,101,,7319,540,,,0,100,,7316,540,,,0,100,,7320,540,,,0,100,,7317,540,,,0,101,,7321,540,,,0,100,,7328,540,,,0,30,,7308,540,,,0,70,,7310,540,,,0,30,,7313,540,,,0,70,,7302,540,,,0,30,,7309,540,,,0,70,,7324,540,,,0,30,,7314,540,,,0,69,,7303,540,,,0,28,,7318,540,,,0,70,,7325,540,,,0,100,,7304,540,,,0,100,,7326,540,,,0,100,,7305,540,,,0,100,,7327,540,,,0,100,,7306,540,,,0
1100,'TM-A26-TM_GTFS-Week-end-02',626,,7329,540,,,0,100,,7339,540,,,0,101,,7330,540,,,0,101,,7331,540,,,0,100,,7340,540,,,0,101,,7332,540,,,0,100,,7341,540,,,0,100,,7333,540,,,0,100,,7342,540,,,0,100,,7334,540,,,0,100,,7343,540,,,0,100,,7335,540,,,0,99,,7344,540,,,0,100,,7336,540,,,0,100,,7345,540,,,0,98,,7337,540,,,0,100,,7346,540,,,0,100,,7338,540,,,0,100,,7347,540,,,0,100,,7348,540,,,0
1101,'TM-A26-TM_GTFS-Fête-1-02',602,,7359,90,,,0,100,,7349,90,,,0,100,,7360,90,,,0,100,,7350,90,,,0,100,,7351,90,,,0,100,,7361,90,,,0,100,,7352,90,,,0,100,,7362,90,,,0,100,,7353,90,,,0,100,,7363,90,,,0,100,,7354,90,,,0,100,,7364,90,,,0,100,,7355,90,,,0,100,,7365,90,,,0,100,,7356,90,,,0,100,,7366,90,,,0,100,,7357,90,,,0,100,,7367,90,,,0,100,,7358,90,,,0
1101,'TM-A26-TM_GTFS-Fête-2-02',600,,7373,90,,,0,30,,7368,90,,,0,70,,7388,90,,,0,30,,7378,90,,,0,70,,7381,90,,,0,100,,7389,90,,,0,57,,7382,90,,,0,102,,7385,90,,,0,100,,7383,90,,,0,100,,7386,90,,,0,100,,7384,90,,,0,97,,7387,90,,,0,70,,7379,90,,,0,33,,7393,90,,,0,70,,7374,90,,,0,72,,7376,90,,,0,29,,7380,90,,,0,70,,7369,90,,,0,29,,7375,90,,,0,72,,7390,90,,,0,103,,7370,90,,,0,99,,7391,90,,,0,101,,7371,90,,,0,99,,7392,90,,,0,101,,7372,90,,,0
1101,'TM-A26-TM_GTFS-Semaine-02',600,,7399,90,,,0,30,,7394,90,,,0,70,,7414,90,,,0,30,,7404,90,,,0,70,,7407,90,,,0,100,,7415,90,,,0,57,,7408,90,,,0,102,,7411,90,,,0,100,,7409,90,,,0,100,,7412,90,,,0,100,,7410,90,,,0,97,,7413,90,,,0,70,,7405,90,,,0,33,,7419,90,,,0,70,,7400,90,,,0,72,,7402,90,,,0,29,,7406,90,,,0,70,,7395,90,,,0,29,,7401,90,,,0,72,,7416,90,,,0,103,,7396,90,,,0,99,,7417,90,,,0,101,,7397,90,,,0,99,,7418,90,,,0,101,,7398,90,,,0
1101,'TM-A26-TM_GTFS-Week-end-02',602,,7430,90,,,0,100,,7420,90,,,0,100,,7431,90,,,0,100,,7421,90,,,0,100,,7422,90,,,0,100,,7432,90,,,0,100,,7423,90,,,0,100,,7433,90,,,0,100,,7424,90,,,0,100,,7434,90,,,0,100,,7425,90,,,0,100,,7435,90,,,0,100,,7426,90,,,0,100,,7436,90,,,0,100,,7427,90,,,0,100,,7437,90,,,0,100,,7428,90,,,0,100,,7438,90,,,0,100,,7429,90,,,0
4000,'TM-A26-TM_GTFS-Fête-1-02',725,,8614,260,,,0,396,,8615,260,,,0,500,,8616,260,,,0
4000,'TM-A26-TM_GTFS-Week-end-02',725,,8617,260,,,0,396,,8618,260,,,0,500,,8619,260,,,0
4001,'TM-A26-TM_GTFS-Fête-1-02',811,,8620,110,,,0,402,,8621,110,,,0,498,,8622,110,,,0
4001,'TM-A26-TM_GTFS-Week-end-02',811,,8623,110,,,0,402,,8624,110,,,0,498,,8625,110,,,0
