300,'TM-A26-TM_GTFS-Fête-1-02',631,,7047,510,,,0,201,,7048,630,,,0,207,,7049,630,,,0,200,,7050,630,,,0,200,,7051,630,,,0,196,,7052,630,,,0,197,,7053,630,,,0,199,,7054,630,,,0,200,,7055,630,,,0,198,,7056,630,,,0
300,'TM-A26-TM_GTFS-Fête-2-02',538,,7058,500,,,0,98,,7059,620,,,0,70,,7075,620,,,0,31,,7069,620,,,0,70,,7074,620,,,0,32,,7068,620,,,0,100,,7063,620,,,0,200,,7064,620,,,0,200,,7065,620,,,0,171,,7067,620,,,0,105,,7066,620,,,0,99,,7072,620,,,0,28,,7071,620,,,0,66,,7073,620,,,0,30,,7070,620,,,0,95,,7057,620,,,0,168,,7060,620,,,0,100,,7061,620,,,0,227,,7062,620,,,0
300,'TM-A26-TM_GTFS-Semaine-02',538,,7077,500,,,0,98,,7078,620,,,0,70,,7094,620,,,0,31,,7088,620,,,0,70,,7093,620,,,0,32,,7087,620,,,0,100,,7082,620,,,0,200,,7083,620,,,0,200,,7084,620,,,0,171,,7086,620,,,0,105,,7085,620,,,0,99,,7091,620,,,0,28,,7090,620,,,0,66,,7092,620,,,0,30,,7089,620,,,0,95,,7076,620,,,0,168,,7079,620,,,0,100,,7080,620,,,0,227,,7081,620,,,0
300,'TM-A26-TM_GTFS-Week-end-02',631,,7095,510,,,0,201,,7096,630,,,0,207,,7097,630,,,0,200,,7098,630,,,0,200,,7099,630,,,0,196,,7100,630,,,0,197,,7101,630,,,0,199,,7102,630,,,0,200,,7103,630,,,0,198,,7104,630,,,0
400,'TM-A26-TM_GTFS-Fête-2-02',1659,,7109,400,,,0,90,,7105,400,,,0,100,,7106,400,,,0,294,,7107,400,,,0,275,,7108,400,,,0
400,'TM-A26-TM_GTFS-Semaine-02',1659,,7114,400,,,0,90,,7110,400,,,0,100,,7111,400,,,0,294,,7112,400,,,0,275,,7113,400,,,0
401,'TM-A26-TM_GTFS-Fête-2-02',606,,7116,470,,,0,100,,7118,470,,,0,100,,7117,470,,,0,101,,7115,470,,,0,1031,,7119,470,,,0
401,'TM-A26-TM_GTFS-Semaine-02',606,,7121,470,,,0,100,,7123,470,,,0,100,,7122,470,,,0,101,,7120,470,,,0,1031,,7124,470,,,0
800,'TM-A26-TM_GTFS-Fête-1-02',702,,7132,200,,,0,100,,7133,200,,,0,100,,7134,200,,,0,101,,7135,200,,,0,100,,7136,200,,,0,100,,7137,200,,,0,100,,7138,200,,,0,100,,7139,200,,,0,100,,7140,200,,,0,100,,7141,200,,,0,100,,7142,200,,,0,99,,7143,200,,,0,100,,7144,200,,,0,100,,7145,200,,,0,100,,7146,200,,,0,100,,7147,200,,,0,100,,7148,200,,,0,100,,7149,200,,,0,99,,7150,200,0,16,0
800,'TM-A26-TM_GTFS-Fête-2-02',602,,7162,200,,,0,102,,7157,200,,,0,100,,7153,200,,,0,100,,7154,200,,,0,100,,7160,200,,,0,100,,7161,200,,,0,100,,7151,200,,,0,100,,7152,200,,,0,100,,7158,200,,,0,100,,7163,200,,,0,100,,7159,200,,,0,100,,7155,200,,,0,99,,7156,200,,,0,100,,7164,200,,,0,100,,7165,200,,,0,100,,7166,200,,,0,100,,7167,200,,,0,100,,7168,200,,,0,100,,7169,200,,,0,98,,7170,200,0,16,0
800,'TM-A26-TM_GTFS-Semaine-02',602,,7182,200,,,0,102,,7177,200,,,0,100,,7173,200,,,0,100,,7174,200,,,0,100,,7180,200,,,0,100,,7181,200,,,0,100,,7171,200,,,0,100,,7172,200,,,0,100,,7178,200,,,0,100,,7183,200,,,0,100,,7179,200,,,0,100,,7175,200,,,0,99,,7176,200,,,0,100,,7184,200,,,0,100,,7185,200,,,0,100,,7186,200,,,0,100,,7187,200,,,0,100,,7188,200,,,0,100,,7189,200,,,0,98,,7190,200,0,16,0
800,'TM-A26-TM_GTFS-Week-end-02',702,,7192,200,,,0,100,,7193,200,,,0,100,,7194,200,,,0,101,,7195,200,,,0,100,,7196,200,,,0,100,,7197,200,,,0,100,,7198,200,,,0,100,,7199,200,,,0,100,,7200,200,,,0,100,,7201,200,,,0,100,,7202,200,,,0,99,,7203,200,,,0,100,,7204,200,,,0,100,,7205,200,,,0,100,,7206,200,,,0,100,,7207,200,,,0,100,,7208,200,,,0,100,,7209,200,,,0,99,,7210,200,0,16,0
1101,'TM-A26-TM_GTFS-Fête-1-02',637,,7359,640,,,0,100,,7349,640,,,0,100,,7360,640,,,0,101,,7350,640,,,0,101,,7351,640,,,0,100,,7361,640,,,0,100,,7352,640,,,0,100,,7362,640,,,0,100,,7353,640,,,0,100,,7363,640,,,0,100,,7354,640,,,0,100,,7364,640,,,0,99,,7355,640,,,0,98,,7365,640,,,0,100,,7356,640,,,0,99,,7366,640,,,0,100,,7357,640,,,0,100,,7367,640,,,0,100,,7358,640,,,0
1101,'TM-A26-TM_GTFS-Fête-2-02',606,,7377,530,,,0,30,,7373,640,,,0,70,,7368,640,,,0,30,,7388,640,,,0,70,,7378,640,,,0,30,,7381,640,,,0,100,,7389,640,,,0,100,,7382,640,,,0,102,,7385,640,,,0,100,,7383,640,,,0,100,,7386,640,,,0,100,,7384,640,,,0,97,,7387,640,,,0,70,,7379,640,,,0,32,,7393,640,,,0,70,,7374,640,,,0,32,,7376,640,,,0,69,,7380,640,,,0,29,,7369,640,,,0,69,,7375,640,,,0,30,,7390,640,,,0,103,,7370,640,,,0,99,,7391,640,,,0,100,,7371,640,,,0,99,,7392,640,,,0,101,,7372,640,,,0
1101,'TM-A26-TM_GTFS-Semaine-02',606,,7403,530,,,0,30,,7399,640,,,0,70,,7394,640,,,0,30,,7414,640,,,0,70,,7404,640,,,0,30,,7407,640,,,0,100,,7415,640,,,0,100,,7408,640,,,0,102,,7411,640,,,0,100,,7409,640,,,0,100,,7412,640,,,0,100,,7410,640,,,0,97,,7413,640,,,0,70,,7405,640,,,0,32,,7419,640,,,0,70,,7400,640,,,0,32,,7402,640,,,0,69,,7406,640,,,0,29,,7395,640,,,0,69,,7401,640,,,0,30,,7416,640,,,0,103,,7396,640,,,0,99,,7417,640,,,0,100,,7397,640,,,0,99,,7418,640,,,0,101,,7398,640,,,0
1101,'TM-A26-TM_GTFS-Week-end-02',637,,7430,640,,,0,100,,7420,640,,,0,100,,7431,640,,,0,101,,7421,640,,,0,101,,7422,640,,,0,100,,7432,640,,,0,100,,7423,640,,,0,100,,7433,640,,,0,100,,7424,640,,,0,100,,7434,640,,,0,100,,7425,640,,,0,100,,7435,640,,,0,99,,7426,640,,,0,98,,7436,640,,,0,100,,7427,640,,,0,99,,7437,640,,,0,100,,7428,640,,,0,100,,7438,640,,,0,100,,7429,640,,,0
2001,'TM-A26-TM_GTFS-Fête-1-02',635,,8258,270,,,0,102,,8259,270,,,0,101,,8260,270,,,0,100,,8261,270,,,0,101,,8252,270,,,0,101,,8253,270,,,0,100,,8262,270,,,0,101,,8263,270,,,0,100,,8264,270,,,0,99,,8254,270,,,0,100,,8255,270,,,0,99,,8256,270,,,0,98,,8257,270,,,0,100,,8265,270,,,0,100,,8266,270,,,0,100,,8267,270,,,0,99,,8268,270,,,0,100,,8269,270,,,0,100,,8270,270,,,0
2001,'TM-A26-TM_GTFS-Fête-2-02',537,,8275,270,,,0,101,,8276,270,,,0,70,,8272,270,,,0,30,,8277,270,,,0,72,,8296,270,,,0,30,,8278,270,,,0,70,,8294,270,,,0,30,,8279,270,,,0,100,,8280,270,,,0,101,,8271,270,,,0,100,,8281,270,,,0,100,,8288,270,,,0,100,,8289,270,,,0,99,,8290,270,,,0,100,,8291,270,,,0,64,,8292,270,,,0,30,,8273,270,,,0,70,,8293,270,,,0,30,,8282,270,,,0,71,,8295,270,,,0,28,,8274,270,,,0,105,,8283,270,,,0,99,,8284,270,,,0,97,,8285,270,,,0,100,,8286,270,,,0,100,,8287,270,,,0
2001,'TM-A26-TM_GTFS-Semaine-02',537,,8301,270,,,0,101,,8302,270,,,0,70,,8298,270,,,0,30,,8303,270,,,0,72,,8322,270,,,0,30,,8304,270,,,0,70,,8320,270,,,0,30,,8305,270,,,0,100,,8306,270,,,0,101,,8297,270,,,0,100,,8307,270,,,0,100,,8314,270,,,0,100,,8315,270,,,0,99,,8316,270,,,0,100,,8317,270,,,0,64,,8318,270,,,0,30,,8299,270,,,0,70,,8319,270,,,0,30,,8308,270,,,0,71,,8321,270,,,0,28,,8300,270,,,0,105,,8309,270,,,0,99,,8310,270,,,0,97,,8311,270,,,0,100,,8312,270,,,0,100,,8313,270,,,0
2001,'TM-A26-TM_GTFS-Week-end-02',635,,8329,270,,,0,102,,8330,270,,,0,101,,8331,270,,,0,100,,8332,270,,,0,101,,8323,270,,,0,101,,8324,270,,,0,100,,8333,270,,,0,101,,8334,270,,,0,100,,8335,270,,,0,99,,8325,270,,,0,100,,8326,270,,,0,99,,8327,270,,,0,98,,8328,270,,,0,100,,8336,270,,,0,100,,8337,270,,,0,100,,8338,270,,,0,99,,8339,270,,,0,100,,8340,270,,,0,100,,8341,270,,,0
2100,'TM-A26-TM_GTFS-Fête-2-02',637,,8343,360,0,5,0,94,,8342,580,0,5,0,100,,8344,580,0,5,0,100,,8345,580,0,5,0
2100,'TM-A26-TM_GTFS-Semaine-02',637,,8347,360,0,5,0,94,,8346,580,0,5,0,100,,8348,580,0,5,0,100,,8349,580,0,5,0
2101,'TM-A26-TM_GTFS-Fête-2-02',1639,,8352,580,0,5,0,99,,8351,580,0,5,0,100,,8350,580,0,5,0
2101,'TM-A26-TM_GTFS-Semaine-02',1639,,8355,580,0,5,0,99,,8354,580,0,5,0,100,,8353,580,0,5,0
2701,'TM-A26-TM_GTFS-Semaine-02',602,,8460,230,,,0,98,,8463,230,,,0,100,,8464,230,,,0,100,,8465,320,,,0,730,,8461,320,,,0,103,,8462,320,,,0,100,,8466,320,,,0
