200,'TM-A26-TM_GTFS-Fête-1-02',735,,6985,680,,,0,206,,6986,680,,,0,200,,6987,680,,,0,200,,6988,680,,,0,200,,6989,680,,,0,195,,6990,680,,,0,198,,6991,680,,,0,200,,6992,680,,,0,200,,6993,680,,,0
200,'TM-A26-TM_GTFS-Fête-2-02',607,,6996,490,,,0,27,,7013,660,,,0,72,,7007,660,,,0,30,,7014,660,,,0,74,,7008,660,,,0,30,,7015,660,,,0,70,,7009,660,,,0,130,,7003,660,,,0,200,,7004,660,,,0,200,,7005,660,0,8 7,0,100,,7002,660,,,0,105,,7011,660,,,0,70,,7010,660,,,0,30,,7012,660,,,0,70,,7006,660,,,0,95,,6995,660,,,0,130,,7001,660,,,0,93,,6998,660,,,0,99,,6997,660,,,0,100,,6999,660,,,0
200,'TM-A26-TM_GTFS-Semaine-02',607,,7017,490,,,0,27,,7034,660,,,0,72,,7028,660,,,0,30,,7035,660,,,0,74,,7029,660,,,0,30,,7036,660,,,0,70,,7030,660,,,0,130,,7024,660,,,0,200,,7025,660,,,0,200,,7026,660,0,8 7,0,100,,7023,660,,,0,105,,7032,660,,,0,70,,7031,660,,,0,30,,7033,660,,,0,70,,7027,660,,,0,95,,7016,660,,,0,130,,7022,660,,,0,93,,7019,660,,,0,99,,7018,660,,,0,100,,7020,660,,,0
200,'TM-A26-TM_GTFS-Week-end-02',735,,7037,680,,,0,206,,7038,680,,,0,200,,7039,680,,,0,200,,7040,680,,,0,200,,7041,680,,,0,195,,7042,680,,,0,198,,7043,680,,,0,200,,7044,680,,,0,200,,7045,680,,,0
1400,'TM-A26-TM_GTFS-Fête-1-02',644,,7439,410,,,0,100,,7444,410,,,0,100,,7442,410,,,0,100,,7456,410,,,0,100,,7451,410,,,0,100,,7449,410,,,0,99,,7452,410,,,0,100,,7450,410,,,0,100,,7453,410,,,0,100,,7457,410,,,0,100,,7454,410,,,0,100,,7458,410,,,0,100,,7455,410,,,0,100,,7441,410,,,0,100,,7445,410,,,0,100,,7448,410,,,0,100,,7446,410,,,0,100,,7443,410,,,0,100,,7447,410,,,0,100,,7440,410,,,0
1400,'TM-A26-TM_GTFS-Fête-2-02',536,,7474,410,,,0,72,,7467,410,,,0,31,,7475,410,,,0,72,,7480,410,,,0,28,,7468,410,,,0,70,,7476,410,,,0,30,,7466,410,,,0,70,,7469,410,,,0,30,,7477,410,,,0,72,,7470,410,,,0,100,,7481,410,,,0,100,,7483,410,,,0,100,,7482,410,,,0,100,,7459,410,,,0,100,,7464,410,,,0,100,,7460,410,,,0,30,,7478,410,,,0,70,,7465,410,,,0,30,,7461,410,,,0,70,,7484,410,,,0,30,,7471,410,,,0,70,,7462,410,,,0,102,,7485,410,,,0,101,,7463,410,,,0,100,,7472,410,,,0,99,,7479,410,,,0,101,,7473,410,,,0,99,,7486,410,,,0
1400,'TM-A26-TM_GTFS-Semaine-02',536,,7502,410,,,0,72,,7495,410,,,0,31,,7503,410,,,0,72,,7508,410,,,0,28,,7496,410,,,0,70,,7504,410,,,0,30,,7494,410,,,0,70,,7497,410,,,0,30,,7505,410,,,0,72,,7498,410,,,0,100,,7509,410,,,0,100,,7511,410,,,0,100,,7510,410,,,0,100,,7487,410,,,0,100,,7492,410,,,0,100,,7488,410,,,0,30,,7506,410,,,0,70,,7493,410,,,0,30,,7489,410,,,0,70,,7512,410,,,0,30,,7499,410,,,0,70,,7490,410,,,0,102,,7513,410,,,0,101,,7491,410,,,0,100,,7500,410,,,0,99,,7507,410,,,0,101,,7501,410,,,0,99,,7514,410,,,0
1400,'TM-A26-TM_GTFS-Week-end-02',644,,7515,410,,,0,100,,7520,410,,,0,100,,7518,410,,,0,100,,7532,410,,,0,100,,7527,410,,,0,100,,7525,410,,,0,99,,7528,410,,,0,100,,7526,410,,,0,100,,7529,410,,,0,100,,7533,410,,,0,100,,7530,410,,,0,100,,7534,410,,,0,100,,7531,410,,,0,100,,7517,410,,,0,100,,7521,410,,,0,100,,7524,410,,,0,100,,7522,410,,,0,100,,7519,410,,,0,100,,7523,410,,,0,100,,7516,410,,,0
1701,'TM-A26-TM_GTFS-Fête-1-02',636,,7721,620,,,0,101,,7712,620,,,0,100,,7703,620,,,0,100,,7713,620,,,0,101,,7704,620,,,0,100,,7714,620,,,0,100,,7705,620,,,0,100,,7715,620,,,0,100,,7706,620,,,0,100,,7716,620,,,0,99,,7707,620,,,0,99,,7717,620,,,0,100,,7708,620,,,0,100,,7718,620,,,0,99,,7709,620,,,0,100,,7719,620,,,0,99,,7710,620,,,0,100,,7720,620,,,0,100,,7711,620,,,0
1701,'TM-A26-TM_GTFS-Fête-2-02',535,,7725,620,,,0,104,,7734,620,,,0,94,,7726,620,,,0,104,,7735,620,,,0,100,,7727,620,,,0,99,,7736,620,,,0,100,,7728,620,,,0,100,,7737,620,,,0,100,,7729,620,,,0,100,,7738,620,,,0,101,,7730,620,,,0,100,,7739,620,,,0,103,,7731,620,,,0,96,,7722,620,,,0,95,,7732,620,,,0,100,,7723,620,,,0,100,,7733,620,,,0,100,,7724,620,,,0,100,,7740,620,,,0,100,,7741,620,,,0
1701,'TM-A26-TM_GTFS-Semaine-02',535,,7745,620,,,0,104,,7754,620,,,0,94,,7746,620,,,0,104,,7755,620,,,0,100,,7747,620,,,0,99,,7756,620,,,0,100,,7748,620,,,0,100,,7757,620,,,0,100,,7749,620,,,0,100,,7758,620,,,0,101,,7750,620,,,0,100,,7759,620,,,0,103,,7751,620,,,0,96,,7742,620,,,0,95,,7752,620,,,0,100,,7743,620,,,0,100,,7753,620,,,0,100,,7744,620,,,0,100,,7760,620,,,0,100,,7761,620,,,0
1701,'TM-A26-TM_GTFS-Week-end-02',636,,7780,620,,,0,101,,7771,620,,,0,100,,7762,620,,,0,100,,7772,620,,,0,101,,7763,620,,,0,100,,7773,620,,,0,100,,7764,620,,,0,100,,7774,620,,,0,100,,7765,620,,,0,100,,7775,620,,,0,99,,7766,620,,,0,99,,7776,620,,,0,100,,7767,620,,,0,100,,7777,620,,,0,99,,7768,620,,,0,100,,7778,620,,,0,99,,7769,620,,,0,100,,7779,620,,,0,100,,7770,620,,,0
1800,'TM-A26-TM_GTFS-Fête-1-02',733,,7784,630,,,0,100,,7785,630,,,0,101,,7786,630,,,0,400,,7787,630,,,0,200,,7781,630,,,0,100,,7782,630,,,0,100,,7783,630,,,0,299,,7788,630,,,0
1800,'TM-A26-TM_GTFS-Fête-2-02',605,,7789,320,,,0,102,,7798,630,,,0,100,,7790,630,,,0,30,,7794,630,,,0,70,,7791,630,,,0,130,,7795,630,,,0,200,,7796,630,,,0,200,,7797,630,,,0,168,,7792,630,,,0,100,,7801,630,,,0,100,,7802,630,,,0,31,,7799,370,,,0,98,,7800,630,,,0,200,,7793,630,,,0
1800,'TM-A26-TM_GTFS-Semaine-02',605,,7803,320,,,0,102,,7812,630,,,0,100,,7804,630,,,0,30,,7808,630,,,0,70,,7805,630,,,0,130,,7809,630,,,0,200,,7810,630,,,0,200,,7811,630,,,0,168,,7806,630,,,0,100,,7815,630,,,0,100,,7816,630,,,0,31,,7813,370,,,0,98,,7814,630,,,0,200,,7807,630,,,0
1800,'TM-A26-TM_GTFS-Week-end-02',733,,7820,630,,,0,100,,7821,630,,,0,101,,7822,630,,,0,400,,7823,630,,,0,200,,7817,630,,,0,100,,7818,630,,,0,100,,7819,630,,,0,299,,7824,630,,,0
2301,'TM-A26-TM_GTFS-Fête-2-02',807,,8377,190,,,0,102,,8380,190,,,0,800,,8378,190,,,0,132,,8379,190,,,0
2301,'TM-A26-TM_GTFS-Semaine-02',807,,8381,190,,,0,102,,8384,190,,,0,396,,8386,190,,,0,200,,8385,190,,,0,204,,8382,190,,,0,132,,8383,190,,,0
3000,'TM-A26-TM_GTFS-Fête-2-02',454,,8495,40,,,0,72,,8489,40,,,0,30,,8483,40,,,0,64,,8496,40,,,0,20,,8481,40,,,0,60,,8490,40,,,0,20,,8491,40,,,0,20,,8486,40,,,0,70,,8484,40,,,0,35,,8487,40,,,0,701,,8471,40,,,0,65,,8478,40,,,0,33,,8485,40,,,0,169,,8472,40,,,0,41,,8494,40,,,0
3000,'TM-A26-TM_GTFS-Semaine-02',454,,8536,40,,,0,72,,8527,40,,,0,30,,8520,40,,,0,54,,8530,40,,,0,10,,8537,40,,,0,20,,8517,40,,,0,60,,8528,40,,,0,10,,8506,40,,,0,10,,8529,40,,,0,20,,8523,40,,,0,70,,8521,40,,,0,35,,8524,40,,,0,701,,8497,50,,,0,65,,8505,40,,,0,18,,8534,40,,,0,15,,8522,40,,,0,85,,8532,40,,,0,25,,8498,40,,,0,59,,8499,40,,,0,41,,8535,40,,,0
