200,'TM-A26-TM_GTFS-Fête-1-02',716,,6985,360,,,0,204,,6986,360,,,0,200,,6987,360,,,0,200,,6988,360,,,0,200,,6989,360,,,0,196,,6990,360,,,0,200,,6991,360,,,0,200,,6992,360,,,0,200,,6993,360,,,0,198,,6994,360,0,12,0
200,'TM-A26-TM_GTFS-Fête-2-02',547,,6996,170,,,0,67,,7013,340,,,0,32,,7007,340,,,0,70,,7014,340,,,0,32,,7008,340,,,0,70,,7015,340,,,0,30,,7009,340,,,0,170,,7003,340,,,0,200,,7004,340,,,0,200,,7005,340,0,8 7,0,101,,7002,340,,,0,104,,7011,340,,,0,30,,7010,340,,,0,70,,7012,340,,,0,30,,7006,340,,,0,97,,6995,340,,,0,170,,7001,340,,,0,95,,6998,340,,,0,100,,6997,340,,,0,100,,6999,340,,,0,197,,7000,340,0,12,0
200,'TM-A26-TM_GTFS-Semaine-02',547,,7017,170,,,0,67,,7034,340,,,0,32,,7028,340,,,0,70,,7035,340,,,0,32,,7029,340,,,0,70,,7036,340,,,0,30,,7030,340,,,0,170,,7024,340,,,0,200,,7025,340,,,0,200,,7026,340,0,8 7,0,101,,7023,340,,,0,104,,7032,340,,,0,30,,7031,340,,,0,70,,7033,340,,,0,30,,7027,340,,,0,97,,7016,340,,,0,170,,7022,340,,,0,95,,7019,340,,,0,100,,7018,340,,,0,100,,7020,340,,,0,197,,7021,340,0,12,0
200,'TM-A26-TM_GTFS-Week-end-02',716,,7037,360,,,0,204,,7038,360,,,0,200,,7039,360,,,0,200,,7040,360,,,0,200,,7041,360,,,0,196,,7042,360,,,0,200,,7043,360,,,0,200,,7044,360,,,0,200,,7045,360,,,0,198,,7046,360,0,12,0
2000,'TM-A26-TM_GTFS-Fête-1-02',705,,8171,220,,,0,100,,8172,220,,,0,101,,8173,220,,,0,102,,8162,220,,,0,100,,8163,220,,,0,100,,8164,220,,,0,101,,8165,220,,,0,100,,8166,220,,,0,100,,8167,220,,,0,100,,8168,220,,,0,99,,8169,220,,,0,100,,8170,220,,,0,98,,8174,220,,,0,100,,8175,220,,,0,100,,8176,220,,,0,100,,8177,220,,,0,99,,8178,220,,,0,100,,8179,220,,,0,99,,8180,220,,,0
2000,'TM-A26-TM_GTFS-Fête-2-02',605,,8187,220,,,0,30,,8182,220,,,0,70,,8188,220,,,0,31,,8206,220,,,0,70,,8189,220,,,0,30,,8204,220,,,0,71,,8190,220,,,0,100,,8191,220,,,0,100,,8192,220,,,0,100,,8193,220,,,0,102,,8197,220,,,0,100,,8181,220,,,0,100,,8196,220,,,0,100,,8183,220,,,0,30,,8185,220,,,0,70,,8184,220,,,0,29,,8203,220,,,0,70,,8194,220,,,0,29,,8205,220,,,0,70,,8186,220,,,0,99,,8195,220,,,0,100,,8198,220,,,0,100,,8199,220,,,0,98,,8200,220,,,0,100,,8201,220,,,0,100,,8202,220,,,0
2000,'TM-A26-TM_GTFS-Semaine-02',605,,8213,220,,,0,30,,8208,220,,,0,70,,8214,220,,,0,31,,8232,220,,,0,70,,8215,220,,,0,30,,8230,220,,,0,71,,8216,220,,,0,100,,8217,220,,,0,100,,8218,220,,,0,100,,8219,220,,,0,102,,8223,220,,,0,100,,8207,220,,,0,100,,8222,220,,,0,100,,8209,220,,,0,30,,8211,220,,,0,70,,8210,220,,,0,29,,8229,220,,,0,70,,8220,220,,,0,29,,8231,220,,,0,70,,8212,220,,,0,99,,8221,220,,,0,100,,8224,220,,,0,100,,8225,220,,,0,98,,8226,220,,,0,100,,8227,220,,,0,100,,8228,220,,,0
2000,'TM-A26-TM_GTFS-Week-end-02',705,,8242,220,,,0,100,,8243,220,,,0,101,,8244,220,,,0,102,,8233,220,,,0,100,,8234,220,,,0,100,,8235,220,,,0,101,,8236,220,,,0,100,,8237,220,,,0,100,,8238,220,,,0,100,,8239,220,,,0,99,,8240,220,,,0,100,,8241,220,,,0,98,,8245,220,,,0,100,,8246,220,,,0,100,,8247,220,,,0,100,,8248,220,,,0,99,,8249,220,,,0,100,,8250,220,,,0,99,,8251,220,,,0
2100,'TM-A26-TM_GTFS-Fête-2-02',705,,8342,190,0,5,0,100,,8344,190,0,5,0,100,,8345,190,0,5,0
2100,'TM-A26-TM_GTFS-Semaine-02',705,,8346,190,0,5,0,100,,8348,190,0,5,0,100,,8349,190,0,5,0
