1400,'TM-A26-TM_GTFS-Fête-1-02',630,,7439,180,,,0,100,,7444,180,,,0,99,,7442,180,,,0,98,,7456,180,,,0,99,,7451,180,,,0,100,,7449,180,,,0,100,,7452,180,,,0,100,,7450,180,,,0,100,,7453,180,,,0,102,,7457,180,,,0,100,,7454,180,,,0,100,,7458,180,,,0,100,,7455,180,,,0,100,,7441,180,,,0,100,,7445,180,,,0,100,,7448,180,,,0,101,,7446,180,,,0,102,,7443,180,,,0,100,,7447,180,,,0,100,,7440,180,,,0
1400,'TM-A26-TM_GTFS-Fête-2-02',518,,7474,180,,,0,31,,7467,180,,,0,70,,7475,180,,,0,30,,7480,180,,,0,67,,7468,180,,,0,31,,7476,180,,,0,70,,7466,180,,,0,34,,7469,180,,,0,70,,7477,180,,,0,32,,7470,180,,,0,100,,7481,180,,,0,100,,7483,180,,,0,100,,7482,180,,,0,100,,7459,180,,,0,100,,7464,180,,,0,100,,7460,180,,,0,70,,7478,180,,,0,30,,7465,180,,,0,70,,7461,180,,,0,30,,7484,180,,,0,72,,7471,180,,,0,30,,7462,180,,,0,102,,7485,180,,,0,101,,7463,180,,,0,100,,7472,180,,,0,142,,7479,180,,,0,101,,7473,180,,,0,99,,7486,180,,,0
1400,'TM-A26-TM_GTFS-Semaine-02',518,,7502,180,,,0,31,,7495,180,,,0,70,,7503,180,,,0,30,,7508,180,,,0,67,,7496,180,,,0,31,,7504,180,,,0,70,,7494,180,,,0,34,,7497,180,,,0,70,,7505,180,,,0,32,,7498,180,,,0,100,,7509,180,,,0,100,,7511,180,,,0,100,,7510,180,,,0,100,,7487,180,,,0,100,,7492,180,,,0,100,,7488,180,,,0,70,,7506,180,,,0,30,,7493,180,,,0,70,,7489,180,,,0,30,,7512,180,,,0,72,,7499,180,,,0,30,,7490,180,,,0,102,,7513,180,,,0,101,,7491,180,,,0,100,,7500,180,,,0,142,,7507,180,,,0,101,,7501,180,,,0,99,,7514,180,,,0
1400,'TM-A26-TM_GTFS-Week-end-02',630,,7515,180,,,0,100,,7520,180,,,0,99,,7518,180,,,0,98,,7532,180,,,0,99,,7527,180,,,0,100,,7525,180,,,0,100,,7528,180,,,0,100,,7526,180,,,0,100,,7529,180,,,0,102,,7533,180,,,0,100,,7530,180,,,0,100,,7534,180,,,0,100,,7531,180,,,0,100,,7517,180,,,0,100,,7521,180,,,0,100,,7524,180,,,0,101,,7522,180,,,0,102,,7519,180,,,0,100,,7523,180,,,0,100,,7516,180,,,0
41701,'TM-A26-TM_GTFS-Fête-2-02',1739,,8694,290,,,0,87,,8696,290,,,0,76,,8697,290,,,0,38,,8695,290,,,0
41701,'TM-A26-TM_GTFS-Semaine-02',1739,,8698,290,,,0,87,,8700,290,,,0,76,,8701,290,,,0,38,,8699,290,,,0
2000001501,'TM-A26-TM_GTFS-Fête-2-02',712,,8957,200,,,0,110,,8958,200,,,0,90,,8959,200,,,0,315,,8960,200,,,0
2000001501,'TM-A26-TM_GTFS-Semaine-02',712,,8961,200,,,0,110,,8962,200,,,0,90,,8963,200,,,0,315,,8964,200,,,0
2000041701,'TM-A26-TM_GTFS-Fête-2-02',1345,,9061,290,,,0
2000041701,'TM-A26-TM_GTFS-Semaine-02',1345,,9062,290,,,0
