100,'TM-A26-TM_GTFS-Fête-1-02',625,,6883,270,,,0,96,,6884,560,,,0,100,,6885,560,,,0,101,,6886,560,,,0,100,,6887,560,,,0,100,,6888,560,,,0,100,,6889,560,,,0,100,,6890,560,,,0,104,,6891,630,,,0,100,,6892,630,,,0,100,,6893,630,,,0,100,,6894,630,,,0,99,,6895,630,,,0,100,,6896,630,,,0,99,,6897,630,,,0,100,,6898,630,,,0,99,,6899,630,,,0,100,,6900,630,,,0,100,,6901,630,,,0,100,,6902,630,0,13 3 14,0
100,'TM-A26-TM_GTFS-Fête-2-02',552,,6903,560,,,0,70,,6931,560,,,0,30,,6929,560,,,0,70,,6921,560,,,0,30,,6930,560,,,0,70,,6909,560,,,0,30,,6926,560,,,0,70,,6910,560,,,0,100,,6911,560,,,0,100,,6912,560,,,0,100,,6913,560,,,0,100,,6914,560,,,0,100,,6915,560,,,0,100,,6916,560,,,0,30,,6927,560,,,0,71,,6917,560,,,0,30,,6928,560,,,0,70,,6919,560,,,0,29,,6907,560,,,0,70,,6918,560,,,0,29,,6906,560,,,0,69,,6920,560,,,0,30,,6908,560,,,0,70,,6922,560,,,0,100,,6932,560,,,0,100,,6933,560,,,0,100,,6923,560,,,0,100,,6924,560,,,0,100,,6925,560,0,13 3 14,0
100,'TM-A26-TM_GTFS-Semaine-02',552,,6934,560,,,0,70,,6962,560,,,0,30,,6960,560,,,0,70,,6952,560,,,0,30,,6961,560,,,0,70,,6940,560,,,0,30,,6957,560,,,0,70,,6941,560,,,0,100,,6942,560,,,0,100,,6943,560,,,0,100,,6944,560,,,0,100,,6945,560,,,0,100,,6946,560,,,0,100,,6947,560,,,0,30,,6958,560,,,0,71,,6948,560,,,0,30,,6959,560,,,0,70,,6950,560,,,0,29,,6938,560,,,0,70,,6949,560,,,0,29,,6937,560,,,0,69,,6951,560,,,0,30,,6939,560,,,0,70,,6953,560,,,0,100,,6963,560,,,0,100,,6964,560,,,0,100,,6954,560,,,0,100,,6955,560,,,0,100,,6956,560,0,13 3 14,0
100,'TM-A26-TM_GTFS-Week-end-02',625,,6965,270,,,0,96,,6966,560,,,0,100,,6967,560,,,0,101,,6968,560,,,0,100,,6969,560,,,0,100,,6970,560,,,0,100,,6971,560,,,0,100,,6972,560,,,0,104,,6973,630,,,0,100,,6974,630,,,0,100,,6975,630,,,0,100,,6976,630,,,0,99,,6977,630,,,0,100,,6978,630,,,0,99,,6979,630,,,0,100,,6980,630,,,0,99,,6981,630,,,0,100,,6982,630,,,0,100,,6983,630,,,0,100,,6984,630,0,13 3 14,0
1400,'TM-A26-TM_GTFS-Fête-1-02',637,,7439,290,,,0,100,,7444,290,,,0,99,,7442,290,,,0,99,,7456,290,,,0,99,,7451,290,,,0,100,,7449,290,,,0,99,,7452,290,,,0,100,,7450,290,,,0,100,,7453,290,,,0,102,,7457,290,,,0,100,,7454,290,,,0,100,,7458,290,,,0,100,,7455,290,,,0,100,,7441,290,,,0,100,,7445,290,,,0,100,,7448,290,,,0,100,,7446,290,,,0,102,,7443,290,,,0,100,,7447,290,,,0,100,,7440,290,,,0
1400,'TM-A26-TM_GTFS-Fête-2-02',526,,7474,290,,,0,31,,7467,290,,,0,71,,7475,290,,,0,72,,7480,290,,,0,27,,7468,290,,,0,30,,7476,290,,,0,70,,7466,290,,,0,31,,7469,290,,,0,70,,7477,290,,,0,72,,7470,290,,,0,100,,7481,290,,,0,100,,7483,290,,,0,100,,7482,290,,,0,100,,7459,290,,,0,100,,7464,290,,,0,100,,7460,290,,,0,30,,7478,290,,,0,70,,7465,290,,,0,30,,7461,290,,,0,70,,7484,290,,,0,32,,7471,290,,,0,70,,7462,290,,,0,102,,7485,290,,,0,101,,7463,290,,,0,100,,7472,290,,,0,101,,7479,290,,,0,101,,7473,290,,,0,99,,7486,290,,,0
1400,'TM-A26-TM_GTFS-Semaine-02',526,,7502,290,,,0,31,,7495,290,,,0,71,,7503,290,,,0,72,,7508,290,,,0,27,,7496,290,,,0,30,,7504,290,,,0,70,,7494,290,,,0,31,,7497,290,,,0,70,,7505,290,,,0,72,,7498,290,,,0,100,,7509,290,,,0,100,,7511,290,,,0,100,,7510,290,,,0,100,,7487,290,,,0,100,,7492,290,,,0,100,,7488,290,,,0,30,,7506,290,,,0,70,,7493,290,,,0,30,,7489,290,,,0,70,,7512,290,,,0,32,,7499,290,,,0,70,,7490,290,,,0,102,,7513,290,,,0,101,,7491,290,,,0,100,,7500,290,,,0,101,,7507,290,,,0,101,,7501,290,,,0,99,,7514,290,,,0
1400,'TM-A26-TM_GTFS-Week-end-02',637,,7515,290,,,0,100,,7520,290,,,0,99,,7518,290,,,0,99,,7532,290,,,0,99,,7527,290,,,0,100,,7525,290,,,0,99,,7528,290,,,0,100,,7526,290,,,0,100,,7529,290,,,0,102,,7533,290,,,0,100,,7530,290,,,0,100,,7534,290,,,0,100,,7531,290,,,0,100,,7517,290,,,0,100,,7521,290,,,0,100,,7524,290,,,0,100,,7522,290,,,0,102,,7519,290,,,0,100,,7523,290,,,0,100,,7516,290,,,0
1701,'TM-A26-TM_GTFS-Fête-1-02',627,,7721,500,,,0,100,,7712,500,,,0,100,,7703,500,,,0,100,,7713,500,,,0,100,,7704,500,,,0,100,,7714,500,,,0,100,,7705,500,,,0,100,,7715,500,,,0,100,,7706,500,,,0,100,,7716,500,,,0,100,,7707,500,,,0,100,,7717,500,,,0,100,,7708,500,,,0,100,,7718,500,,,0,100,,7709,500,,,0,100,,7719,500,,,0,100,,7710,500,,,0,100,,7720,500,,,0,100,,7711,500,,,0
1701,'TM-A26-TM_GTFS-Fête-2-02',527,,7725,500,,,0,102,,7734,500,,,0,94,,7726,500,,,0,104,,7735,500,,,0,99,,7727,500,,,0,99,,7736,500,,,0,100,,7728,500,,,0,100,,7737,500,,,0,100,,7729,500,,,0,100,,7738,500,,,0,101,,7730,500,,,0,100,,7739,500,,,0,104,,7731,500,,,0,99,,7722,500,,,0,95,,7732,500,,,0,100,,7723,500,,,0,100,,7733,500,,,0,100,,7724,500,,,0,100,,7740,500,,,0,100,,7741,500,,,0
1701,'TM-A26-TM_GTFS-Semaine-02',527,,7745,500,,,0,102,,7754,500,,,0,94,,7746,500,,,0,104,,7755,500,,,0,99,,7747,500,,,0,99,,7756,500,,,0,100,,7748,500,,,0,100,,7757,500,,,0,100,,7749,500,,,0,100,,7758,500,,,0,101,,7750,500,,,0,100,,7759,500,,,0,104,,7751,500,,,0,99,,7742,500,,,0,95,,7752,500,,,0,100,,7743,500,,,0,100,,7753,500,,,0,100,,7744,500,,,0,100,,7760,500,,,0,100,,7761,500,,,0
1701,'TM-A26-TM_GTFS-Week-end-02',627,,7780,500,,,0,100,,7771,500,,,0,100,,7762,500,,,0,100,,7772,500,,,0,100,,7763,500,,,0,100,,7773,500,,,0,100,,7764,500,,,0,100,,7774,500,,,0,100,,7765,500,,,0,100,,7775,500,,,0,100,,7766,500,,,0,100,,7776,500,,,0,100,,7767,500,,,0,100,,7777,500,,,0,100,,7768,500,,,0,100,,7778,500,,,0,100,,7769,500,,,0,100,,7779,500,,,0,100,,7770,500,,,0
