1101,'TM-A26-TM_GTFS-Fête-1-02',557,,7359,50,,,0,100,,7349,50,,,0,100,,7360,50,,,0,100,,7350,50,,,0,100,,7351,50,,,0,100,,7361,50,,,0,100,,7352,50,,,0,100,,7362,50,,,0,100,,7353,50,,,0,100,,7363,50,,,0,100,,7354,50,,,0,100,,7364,50,,,0,100,,7355,50,,,0,100,,7365,50,,,0,100,,7356,50,,,0,100,,7366,50,,,0,100,,7357,50,,,0,100,,7367,50,,,0,100,,7358,50,,,0
1101,'TM-A26-TM_GTFS-Fête-2-02',554,,7373,50,,,0,70,,7368,50,,,0,30,,7388,50,,,0,70,,7378,50,,,0,30,,7381,50,,,0,100,,7389,50,,,0,97,,7382,50,,,0,102,,7385,50,,,0,100,,7383,50,,,0,100,,7386,50,,,0,100,,7384,50,,,0,97,,7387,50,,,0,70,,7379,50,,,0,34,,7393,50,,,0,70,,7374,50,,,0,32,,7376,50,,,0,69,,7380,50,,,0,30,,7369,50,,,0,69,,7375,50,,,0,32,,7390,50,,,0,103,,7370,50,,,0,99,,7391,50,,,0,101,,7371,50,,,0,99,,7392,50,,,0,101,,7372,50,,,0
1101,'TM-A26-TM_GTFS-Semaine-02',554,,7399,50,,,0,70,,7394,50,,,0,30,,7414,50,,,0,70,,7404,50,,,0,30,,7407,50,,,0,100,,7415,50,,,0,97,,7408,50,,,0,102,,7411,50,,,0,100,,7409,50,,,0,100,,7412,50,,,0,100,,7410,50,,,0,97,,7413,50,,,0,70,,7405,50,,,0,34,,7419,50,,,0,70,,7400,50,,,0,32,,7402,50,,,0,69,,7406,50,,,0,30,,7395,50,,,0,69,,7401,50,,,0,32,,7416,50,,,0,103,,7396,50,,,0,99,,7417,50,,,0,101,,7397,50,,,0,99,,7418,50,,,0,101,,7398,50,,,0
1101,'TM-A26-TM_GTFS-Week-end-02',557,,7430,50,,,0,100,,7420,50,,,0,100,,7431,50,,,0,100,,7421,50,,,0,100,,7422,50,,,0,100,,7432,50,,,0,100,,7423,50,,,0,100,,7433,50,,,0,100,,7424,50,,,0,100,,7434,50,,,0,100,,7425,50,,,0,100,,7435,50,,,0,100,,7426,50,,,0,100,,7436,50,,,0,100,,7427,50,,,0,100,,7437,50,,,0,100,,7428,50,,,0,100,,7438,50,,,0,100,,7429,50,,,0
4000,'TM-A26-TM_GTFS-Fête-1-02',716,,8614,120,,,0,396,,8615,120,,,0,500,,8616,120,,,0
4000,'TM-A26-TM_GTFS-Week-end-02',716,,8617,120,,,0,396,,8618,120,,,0,500,,8619,120,,,0
4001,'TM-A26-TM_GTFS-Fête-1-02',807,,8620,70,,,0,401,,8621,70,,,0,499,,8622,70,,,0
4001,'TM-A26-TM_GTFS-Week-end-02',807,,8623,70,,,0,401,,8624,70,,,0,499,,8625,70,,,0
14000,'TM-A26-TM_GTFS-Fête-2-02',519,,8642,120,,,0,40,,8634,120,,,0,60,,8636,120,,,0,20,,8645,120,,,0,20,,8632,120,,,0,60,,8641,120,,,0,25,,8643,120,,,0,71,,8640,120,,,0,389,,8644,120,,,0,108,,8638,120,,,0,219,,8637,120,,,0,189,,8635,120,,,0,135,,8639,120,,,0,293,,8633,120,,,0
14000,'TM-A26-TM_GTFS-Semaine-02',519,,8656,120,,,0,40,,8648,120,,,0,60,,8650,120,,,0,20,,8659,120,,,0,20,,8646,120,,,0,60,,8655,120,,,0,25,,8657,120,,,0,71,,8654,120,,,0,389,,8658,120,,,0,108,,8652,120,,,0,219,,8651,120,,,0,189,,8649,120,,,0,135,,8653,120,,,0,293,,8647,120,,,0
14001,'TM-A26-TM_GTFS-Fête-2-02',637,,8671,70,,,0,106,,8666,70,,,0,97,,8670,70,,,0,470,,8668,70,,,0,208,,8663,70,,,0,97,,8667,70,,,0,42,,8665,70,,,0,67,,8669,70,,,0,30,,8672,70,,,0,80,,8660,70,,,0,70,,8664,70,,,0,97,,8661,70,,,0,252,,8662,70,,,0
14001,'TM-A26-TM_GTFS-Semaine-02',637,,8684,70,,,0,106,,8679,70,,,0,97,,8683,70,,,0,470,,8681,70,,,0,208,,8676,70,,,0,97,,8680,70,,,0,42,,8678,70,,,0,67,,8682,70,,,0,30,,8685,70,,,0,80,,8673,70,,,0,70,,8677,70,,,0,97,,8674,70,,,0,252,,8675,70,,,0
3001100,'TM-A26-TM_GTFS-Semaine-02',707,,8890,40,,,0
2000001201,'TM-A26-TM_GTFS-Fête-2-02',805,,8925,50,,,0,100,,8926,50,,,0,315,,8927,50,,,0
2000001201,'TM-A26-TM_GTFS-Semaine-02',805,,8928,50,,,0,100,,8929,50,,,0,315,,8930,50,,,0
