1101,'TM-A26-TM_GTFS-Fête-1-02',554,,7359,30,,,0,100,,7349,30,,,0,100,,7360,30,,,0,100,,7350,30,,,0,100,,7351,30,,,0,100,,7361,30,,,0,100,,7352,30,,,0,100,,7362,30,,,0,100,,7353,30,,,0,100,,7363,30,,,0,100,,7354,30,,,0,100,,7364,30,,,0,100,,7355,30,,,0,100,,7365,30,,,0,100,,7356,30,,,0,100,,7366,30,,,0,100,,7357,30,,,0,100,,7367,30,,,0,100,,7358,30,,,0
1101,'TM-A26-TM_GTFS-Fête-2-02',551,,7373,30,,,0,70,,7368,30,,,0,30,,7388,30,,,0,70,,7378,30,,,0,30,,7381,30,,,0,100,,7389,30,,,0,97,,7382,30,,,0,102,,7385,30,,,0,100,,7383,30,,,0,100,,7386,30,,,0,100,,7384,30,,,0,97,,7387,30,,,0,70,,7379,30,,,0,34,,7393,30,,,0,70,,7374,30,,,0,32,,7376,30,,,0,69,,7380,30,,,0,30,,7369,30,,,0,69,,7375,30,,,0,32,,7390,30,,,0,103,,7370,30,,,0,99,,7391,30,,,0,101,,7371,30,,,0,99,,7392,30,,,0,101,,7372,30,,,0
1101,'TM-A26-TM_GTFS-Semaine-02',551,,7399,30,,,0,70,,7394,30,,,0,30,,7414,30,,,0,70,,7404,30,,,0,30,,7407,30,,,0,100,,7415,30,,,0,97,,7408,30,,,0,102,,7411,30,,,0,100,,7409,30,,,0,100,,7412,30,,,0,100,,7410,30,,,0,97,,7413,30,,,0,70,,7405,30,,,0,34,,7419,30,,,0,70,,7400,30,,,0,32,,7402,30,,,0,69,,7406,30,,,0,30,,7395,30,,,0,69,,7401,30,,,0,32,,7416,30,,,0,103,,7396,30,,,0,99,,7417,30,,,0,101,,7397,30,,,0,99,,7418,30,,,0,101,,7398,30,,,0
1101,'TM-A26-TM_GTFS-Week-end-02',554,,7430,30,,,0,100,,7420,30,,,0,100,,7431,30,,,0,100,,7421,30,,,0,100,,7422,30,,,0,100,,7432,30,,,0,100,,7423,30,,,0,100,,7433,30,,,0,100,,7424,30,,,0,100,,7434,30,,,0,100,,7425,30,,,0,100,,7435,30,,,0,100,,7426,30,,,0,100,,7436,30,,,0,100,,7427,30,,,0,100,,7437,30,,,0,100,,7428,30,,,0,100,,7438,30,,,0,100,,7429,30,,,0
4000,'TM-A26-TM_GTFS-Fête-1-02',712,,8614,100,,,0,396,,8615,100,,,0,500,,8616,100,,,0
4000,'TM-A26-TM_GTFS-Week-end-02',712,,8617,100,,,0,396,,8618,100,,,0,500,,8619,100,,,0
4001,'TM-A26-TM_GTFS-Fête-1-02',804,,8620,50,,,0,400,,8621,50,,,0,499,,8622,50,,,0
4001,'TM-A26-TM_GTFS-Week-end-02',804,,8623,50,,,0,400,,8624,50,,,0,499,,8625,50,,,0
14000,'TM-A26-TM_GTFS-Fête-2-02',514,,8642,100,,,0,40,,8634,100,,,0,60,,8636,100,,,0,20,,8645,100,,,0,20,,8632,100,,,0,60,,8641,100,,,0,25,,8643,100,,,0,71,,8640,100,,,0,390,,8644,100,,,0,108,,8638,100,,,0,219,,8637,100,,,0,189,,8635,100,,,0,135,,8639,100,,,0,293,,8633,100,,,0
14000,'TM-A26-TM_GTFS-Semaine-02',514,,8656,100,,,0,40,,8648,100,,,0,60,,8650,100,,,0,20,,8659,100,,,0,20,,8646,100,,,0,60,,8655,100,,,0,25,,8657,100,,,0,71,,8654,100,,,0,390,,8658,100,,,0,108,,8652,100,,,0,219,,8651,100,,,0,189,,8649,100,,,0,135,,8653,100,,,0,293,,8647,100,,,0
14001,'TM-A26-TM_GTFS-Fête-2-02',633,,8671,50,,,0,106,,8666,50,,,0,97,,8670,50,,,0,470,,8668,50,,,0,208,,8663,50,,,0,97,,8667,50,,,0,42,,8665,50,,,0,67,,8669,50,,,0,30,,8672,50,,,0,80,,8660,50,,,0,70,,8664,50,,,0,58,,8661,50,,,0,292,,8662,50,,,0
14001,'TM-A26-TM_GTFS-Semaine-02',633,,8684,50,,,0,106,,8679,50,,,0,97,,8683,50,,,0,470,,8681,50,,,0,208,,8676,50,,,0,97,,8680,50,,,0,42,,8678,50,,,0,67,,8682,50,,,0,30,,8685,50,,,0,80,,8673,50,,,0,70,,8677,50,,,0,58,,8674,50,,,0,292,,8675,50,,,0
3001100,'TM-A26-TM_GTFS-Semaine-02',703,,8890,20,,,0
3001101,'TM-A26-TM_GTFS-Semaine-02',1701,,8891,100,,,0,58,,8892,100,,,0
2000001201,'TM-A26-TM_GTFS-Fête-2-02',801,,8925,30,,,0,100,,8926,30,,,0,315,,8927,30,,,0
2000001201,'TM-A26-TM_GTFS-Semaine-02',801,,8928,30,,,0,100,,8929,30,,,0,315,,8930,30,,,0
