1400,'TM-A26-TM_GTFS-Fête-1-01',621,,5259,10,,,0,100,,5264,10,,,0,98,,5262,10,,,0,99,,5276,10,,,0,99,,5271,10,,,0,100,,5269,10,,,0,100,,5272,10,,,0,100,,5270,10,,,0,100,,5273,10,,,0,102,,5277,10,,,0,100,,5274,10,,,0,100,,5278,10,,,0,100,,5275,10,,,0,100,,5261,10,,,0,100,,5265,10,,,0,100,,5268,10,,,0,101,,5266,10,,,0,102,,5263,10,,,0,100,,5267,10,,,0,100,,5260,10,,,0
1400,'TM-A26-TM_GTFS-Fête-2-01',508,,5294,10,,,0,30,,5287,10,,,0,70,,5295,10,,,0,30,,5300,10,,,0,67,,5288,10,,,0,32,,5296,10,,,0,70,,5286,10,,,0,34,,5289,10,,,0,70,,5297,10,,,0,32,,5290,10,,,0,100,,5301,10,,,0,100,,5303,10,,,0,100,,5302,10,,,0,100,,5279,10,,,0,100,,5284,10,,,0,101,,5280,10,,,0,70,,5298,10,,,0,30,,5285,10,,,0,70,,5281,10,,,0,30,,5304,10,,,0,72,,5291,10,,,0,30,,5282,10,,,0,102,,5305,10,,,0,101,,5283,10,,,0,100,,5292,10,,,0,102,,5299,10,,,0,101,,5293,10,,,0,99,,5306,10,,,0
1400,'TM-A26-TM_GTFS-Semaine-01',508,,5322,10,,,0,30,,5315,10,,,0,70,,5323,10,,,0,30,,5328,10,,,0,67,,5316,10,,,0,32,,5324,10,,,0,70,,5314,10,,,0,34,,5317,10,,,0,70,,5325,10,,,0,32,,5318,10,,,0,100,,5329,10,,,0,100,,5331,10,,,0,100,,5330,10,,,0,100,,5307,10,,,0,100,,5312,10,,,0,101,,5308,10,,,0,70,,5326,10,,,0,30,,5313,10,,,0,70,,5309,10,,,0,30,,5332,10,,,0,72,,5319,10,,,0,30,,5310,10,,,0,102,,5333,10,,,0,101,,5311,10,,,0,100,,5320,10,,,0,102,,5327,10,,,0,101,,5321,10,,,0,99,,5334,10,,,0
1400,'TM-A26-TM_GTFS-Week-end-01',621,,5335,10,,,0,100,,5340,10,,,0,98,,5338,10,,,0,99,,5352,10,,,0,99,,5347,10,,,0,100,,5345,10,,,0,100,,5348,10,,,0,100,,5346,10,,,0,100,,5349,10,,,0,102,,5353,10,,,0,100,,5350,10,,,0,100,,5354,10,,,0,100,,5351,10,,,0,100,,5337,10,,,0,100,,5341,10,,,0,100,,5344,10,,,0,101,,5342,10,,,0,102,,5339,10,,,0,100,,5343,10,,,0,100,,5336,10,,,0
1401,'TM-A26-TM_GTFS-Fête-1-01',816,,5360,420,4,,0,103,,5357,420,4,,0,101,,5371,420,4,,0,101,,5367,420,4,,0,101,,5365,420,4,,0,100,,5368,420,4,,0,101,,5366,420,4,,0,100,,5369,420,4,,0,100,,5372,420,4,,0,99,,5370,420,4,,0,100,,5355,420,4,,0,99,,5358,420,4,,0,99,,5356,420,4,,0,100,,5361,420,4,,0,97,,5364,420,4,,0,102,,5362,420,4,,0,99,,5359,420,4,,0,100,,5363,420,4,,0
1401,'TM-A26-TM_GTFS-Fête-2-01',648,,5380,420,4,,0,71,,5388,420,4,,0,30,,5399,420,4,,0,70,,5381,420,4,,0,30,,5389,420,4,,0,70,,5379,420,4,,0,30,,5382,420,4,,0,70,,5390,420,4,,0,30,,5383,420,4,,0,101,,5392,420,4,,0,102,,5394,420,4,,0,100,,5393,420,4,,0,102,,5373,420,4,,0,103,,5378,420,4,,0,144,,5374,420,4,,0,30,,5395,420,4,,0,28,,5384,420,4,,0,65,,5375,420,4,,0,28,,5396,420,4,,0,70,,5385,420,4,,0,29,,5376,420,4,,0,100,,5397,420,4,,0,100,,5377,420,4,,0,99,,5386,420,4,,0,99,,5391,420,4,,0,98,,5387,420,4,,0,100,,5398,420,4,,0
1401,'TM-A26-TM_GTFS-Semaine-01',648,,5407,420,4,,0,71,,5415,420,4,,0,30,,5426,420,4,,0,70,,5408,420,4,,0,30,,5416,420,4,,0,70,,5406,420,4,,0,30,,5409,420,4,,0,70,,5417,420,4,,0,30,,5410,420,4,,0,101,,5419,420,4,,0,102,,5421,420,4,,0,100,,5420,420,4,,0,102,,5400,420,4,,0,103,,5405,420,4,,0,144,,5401,420,4,,0,30,,5422,420,4,,0,28,,5411,420,4,,0,65,,5402,420,4,,0,28,,5423,420,4,,0,70,,5412,420,4,,0,29,,5403,420,4,,0,100,,5424,420,4,,0,100,,5404,420,4,,0,99,,5413,420,4,,0,99,,5418,420,4,,0,98,,5414,420,4,,0,100,,5425,420,4,,0
1401,'TM-A26-TM_GTFS-Week-end-01',816,,5432,420,4,,0,103,,5429,420,4,,0,101,,5443,420,4,,0,101,,5439,420,4,,0,101,,5437,420,4,,0,100,,5440,420,4,,0,101,,5438,420,4,,0,100,,5441,420,4,,0,100,,5444,420,4,,0,99,,5442,420,4,,0,100,,5427,420,4,,0,99,,5430,420,4,,0,99,,5428,420,4,,0,100,,5433,420,4,,0,97,,5436,420,4,,0,102,,5434,420,4,,0,99,,5431,420,4,,0,100,,5435,420,4,,0
41700,'TM-A26-TM_GTFS-Fête-2-01',538,,6507,10,,,0,73,,6509,10,,,0,40,,6506,10,,,0,99,,6508,10,,,0
41700,'TM-A26-TM_GTFS-Semaine-01',538,,6511,10,,,0,73,,6513,10,,,0,40,,6510,10,,,0,99,,6512,10,,,0
41701,'TM-A26-TM_GTFS-Fête-2-01',1749,,6514,390,4,,0,87,,6516,390,4,,0,76,,6517,390,4,,0,38,,6515,390,4,,0
41701,'TM-A26-TM_GTFS-Semaine-01',1749,,6518,390,4,,0,87,,6520,390,4,,0,76,,6521,390,4,,0,38,,6519,390,4,,0
2000041700,'TM-A26-TM_GTFS-Fête-2-01',1255,,6879,10,,,0
2000041700,'TM-A26-TM_GTFS-Semaine-01',1255,,6880,10,,,0
2000041701,'TM-A26-TM_GTFS-Fête-2-01',1355,,6881,390,4,,0
2000041701,'TM-A26-TM_GTFS-Semaine-01',1355,,6882,390,4,,0
