1401,'TM-A26-TM_GTFS-Fête-1-02',800,,7540,160,,,0,103,,7537,160,,,0,101,,7551,160,,,0,101,,7547,160,,,0,101,,7545,160,,,0,100,,7548,160,,,0,101,,7546,160,,,0,100,,7549,160,,,0,100,,7552,160,,,0,99,,7550,160,,,0,100,,7535,160,,,0,99,,7538,160,,,0,99,,7536,160,,,0,100,,7541,160,,,0,97,,7544,160,,,0,103,,7542,160,,,0,99,,7539,160,,,0,100,,7543,160,,,0
1401,'TM-A26-TM_GTFS-Fête-2-02',634,,7560,160,,,0,70,,7568,160,,,0,30,,7579,160,,,0,70,,7561,160,,,0,30,,7569,160,,,0,70,,7559,160,,,0,30,,7562,160,,,0,70,,7570,160,,,0,30,,7563,160,,,0,101,,7572,160,,,0,101,,7574,160,,,0,100,,7573,160,,,0,102,,7553,160,,,0,101,,7558,160,,,0,102,,7554,160,,,0,70,,7575,160,,,0,29,,7564,160,,,0,68,,7555,160,,,0,28,,7576,160,,,0,70,,7565,160,,,0,29,,7556,160,,,0,100,,7577,160,,,0,100,,7557,160,,,0,99,,7566,160,,,0,99,,7571,160,,,0,99,,7567,160,,,0,100,,7578,160,,,0
1401,'TM-A26-TM_GTFS-Semaine-02',634,,7587,160,,,0,70,,7595,160,,,0,30,,7606,160,,,0,70,,7588,160,,,0,30,,7596,160,,,0,70,,7586,160,,,0,30,,7589,160,,,0,70,,7597,160,,,0,30,,7590,160,,,0,101,,7599,160,,,0,101,,7601,160,,,0,100,,7600,160,,,0,102,,7580,160,,,0,101,,7585,160,,,0,102,,7581,160,,,0,70,,7602,160,,,0,29,,7591,160,,,0,68,,7582,160,,,0,28,,7603,160,,,0,70,,7592,160,,,0,29,,7583,160,,,0,100,,7604,160,,,0,100,,7584,160,,,0,99,,7593,160,,,0,99,,7598,160,,,0,99,,7594,160,,,0,100,,7605,160,,,0
1401,'TM-A26-TM_GTFS-Week-end-02',800,,7612,160,,,0,103,,7609,160,,,0,101,,7623,160,,,0,101,,7619,160,,,0,101,,7617,160,,,0,100,,7620,160,,,0,101,,7618,160,,,0,100,,7621,160,,,0,100,,7624,160,,,0,99,,7622,160,,,0,100,,7607,160,,,0,99,,7610,160,,,0,99,,7608,160,,,0,100,,7613,160,,,0,97,,7616,160,,,0,103,,7614,160,,,0,99,,7611,160,,,0,100,,7615,160,,,0
1700,'TM-A26-TM_GTFS-Fête-1-02',702,,7625,160,,,0,100,,7635,160,,,0,101,,7626,160,,,0,101,,7636,160,,,0,100,,7627,160,,,0,101,,7637,160,,,0,100,,7628,160,,,0,101,,7638,160,,,0,100,,7629,160,,,0,100,,7639,160,,,0,100,,7630,160,,,0,99,,7640,160,,,0,99,,7631,160,,,0,100,,7641,160,,,0,100,,7632,160,,,0,100,,7642,160,,,0,99,,7633,160,,,0,99,,7643,160,,,0,100,,7634,160,,,0
1700,'TM-A26-TM_GTFS-Fête-2-02',603,,7648,160,,,0,101,,7656,160,,,0,100,,7649,160,,,0,100,,7657,160,,,0,101,,7650,160,,,0,100,,7644,160,,,0,100,,7651,160,,,0,100,,7658,160,,,0,101,,7652,160,,,0,102,,7659,160,,,0,102,,7653,160,,,0,100,,7645,160,,,0,97,,7654,160,,,0,98,,7646,160,,,0,99,,7655,160,,,0,100,,7647,160,,,0,100,,7661,160,,,0,99,,7663,160,,,0,100,,7662,160,,,0,98,,7660,160,,,0
1700,'TM-A26-TM_GTFS-Semaine-02',603,,7668,160,,,0,101,,7676,160,,,0,100,,7669,160,,,0,100,,7677,160,,,0,101,,7670,160,,,0,100,,7664,160,,,0,100,,7671,160,,,0,100,,7678,160,,,0,101,,7672,160,,,0,102,,7679,160,,,0,102,,7673,160,,,0,100,,7665,160,,,0,97,,7674,160,,,0,98,,7666,160,,,0,99,,7675,160,,,0,100,,7667,160,,,0,100,,7681,160,,,0,99,,7683,160,,,0,100,,7682,160,,,0,98,,7680,160,,,0
1700,'TM-A26-TM_GTFS-Week-end-02',702,,7684,160,,,0,100,,7694,160,,,0,101,,7685,160,,,0,101,,7695,160,,,0,100,,7686,160,,,0,101,,7696,160,,,0,100,,7687,160,,,0,101,,7697,160,,,0,100,,7688,160,,,0,100,,7698,160,,,0,100,,7689,160,,,0,99,,7699,160,,,0,99,,7690,160,,,0,100,,7700,160,,,0,100,,7691,160,,,0,100,,7701,160,,,0,99,,7692,160,,,0,99,,7702,160,,,0,100,,7693,160,,,0
2000001500,'TM-A26-TM_GTFS-Fête-2-02',1227,,8949,90,,,0,400,,8950,90,,,0,100,,8951,90,,,0,100,,8952,90,,,0
2000001500,'TM-A26-TM_GTFS-Semaine-02',1227,,8953,90,,,0,400,,8954,90,,,0,100,,8955,90,,,0,100,,8956,90,,,0
