100,'TM-A26-TM_GTFS-Fête-1-02',624,,6883,260,,,0,96,,6884,550,,,0,100,,6885,550,,,0,101,,6886,550,,,0,100,,6887,550,,,0,100,,6888,550,,,0,100,,6889,550,,,0,100,,6890,550,,,0,104,,6891,620,,,0,100,,6892,620,,,0,100,,6893,620,,,0,100,,6894,620,,,0,99,,6895,620,,,0,100,,6896,620,,,0,100,,6897,620,,,0,100,,6898,620,,,0,99,,6899,620,,,0,100,,6900,620,,,0,100,,6901,620,,,0,99,,6902,620,0,13 3 14,0
100,'TM-A26-TM_GTFS-Fête-2-02',551,,6903,550,,,0,70,,6931,550,,,0,30,,6929,550,,,0,70,,6921,550,,,0,30,,6930,550,,,0,70,,6909,550,,,0,30,,6926,550,,,0,70,,6910,550,,,0,100,,6911,550,,,0,100,,6912,550,,,0,100,,6913,550,,,0,100,,6914,550,,,0,100,,6915,550,,,0,100,,6916,550,,,0,30,,6927,550,,,0,71,,6917,550,,,0,30,,6928,550,,,0,70,,6919,550,,,0,30,,6907,550,,,0,70,,6918,550,,,0,29,,6906,550,,,0,69,,6920,550,,,0,30,,6908,550,,,0,70,,6922,550,,,0,100,,6932,550,,,0,100,,6933,550,,,0,100,,6923,550,,,0,100,,6924,550,,,0,100,,6925,550,0,13 3 14,0
100,'TM-A26-TM_GTFS-Semaine-02',551,,6934,550,,,0,70,,6962,550,,,0,30,,6960,550,,,0,70,,6952,550,,,0,30,,6961,550,,,0,70,,6940,550,,,0,30,,6957,550,,,0,70,,6941,550,,,0,100,,6942,550,,,0,100,,6943,550,,,0,100,,6944,550,,,0,100,,6945,550,,,0,100,,6946,550,,,0,100,,6947,550,,,0,30,,6958,550,,,0,71,,6948,550,,,0,30,,6959,550,,,0,70,,6950,550,,,0,30,,6938,550,,,0,70,,6949,550,,,0,29,,6937,550,,,0,69,,6951,550,,,0,30,,6939,550,,,0,70,,6953,550,,,0,100,,6963,550,,,0,100,,6964,550,,,0,100,,6954,550,,,0,100,,6955,550,,,0,100,,6956,550,0,13 3 14,0
100,'TM-A26-TM_GTFS-Week-end-02',624,,6965,260,,,0,96,,6966,550,,,0,100,,6967,550,,,0,101,,6968,550,,,0,100,,6969,550,,,0,100,,6970,550,,,0,100,,6971,550,,,0,100,,6972,550,,,0,104,,6973,620,,,0,100,,6974,620,,,0,100,,6975,620,,,0,100,,6976,620,,,0,99,,6977,620,,,0,100,,6978,620,,,0,100,,6979,620,,,0,100,,6980,620,,,0,99,,6981,620,,,0,100,,6982,620,,,0,100,,6983,620,,,0,99,,6984,620,0,13 3 14,0
1400,'TM-A26-TM_GTFS-Fête-1-02',637,,7439,280,,,0,100,,7444,280,,,0,99,,7442,280,,,0,99,,7456,280,,,0,99,,7451,280,,,0,100,,7449,280,,,0,99,,7452,280,,,0,100,,7450,280,,,0,100,,7453,280,,,0,102,,7457,280,,,0,100,,7454,280,,,0,100,,7458,280,,,0,100,,7455,280,,,0,100,,7441,280,,,0,100,,7445,280,,,0,100,,7448,280,,,0,100,,7446,280,,,0,102,,7443,280,,,0,100,,7447,280,,,0,100,,7440,280,,,0
1400,'TM-A26-TM_GTFS-Fête-2-02',526,,7474,280,,,0,31,,7467,280,,,0,71,,7475,280,,,0,31,,7480,280,,,0,67,,7468,280,,,0,30,,7476,280,,,0,70,,7466,280,,,0,32,,7469,280,,,0,70,,7477,280,,,0,72,,7470,280,,,0,100,,7481,280,,,0,100,,7483,280,,,0,100,,7482,280,,,0,100,,7459,280,,,0,100,,7464,280,,,0,100,,7460,280,,,0,30,,7478,280,,,0,70,,7465,280,,,0,30,,7461,280,,,0,70,,7484,280,,,0,32,,7471,280,,,0,70,,7462,280,,,0,102,,7485,280,,,0,101,,7463,280,,,0,100,,7472,280,,,0,101,,7479,280,,,0,101,,7473,280,,,0,99,,7486,280,,,0
1400,'TM-A26-TM_GTFS-Semaine-02',526,,7502,280,,,0,31,,7495,280,,,0,71,,7503,280,,,0,31,,7508,280,,,0,67,,7496,280,,,0,30,,7504,280,,,0,70,,7494,280,,,0,32,,7497,280,,,0,70,,7505,280,,,0,72,,7498,280,,,0,100,,7509,280,,,0,100,,7511,280,,,0,100,,7510,280,,,0,100,,7487,280,,,0,100,,7492,280,,,0,100,,7488,280,,,0,30,,7506,280,,,0,70,,7493,280,,,0,30,,7489,280,,,0,70,,7512,280,,,0,32,,7499,280,,,0,70,,7490,280,,,0,102,,7513,280,,,0,101,,7491,280,,,0,100,,7500,280,,,0,101,,7507,280,,,0,101,,7501,280,,,0,99,,7514,280,,,0
1400,'TM-A26-TM_GTFS-Week-end-02',637,,7515,280,,,0,100,,7520,280,,,0,99,,7518,280,,,0,99,,7532,280,,,0,99,,7527,280,,,0,100,,7525,280,,,0,99,,7528,280,,,0,100,,7526,280,,,0,100,,7529,280,,,0,102,,7533,280,,,0,100,,7530,280,,,0,100,,7534,280,,,0,100,,7531,280,,,0,100,,7517,280,,,0,100,,7521,280,,,0,100,,7524,280,,,0,100,,7522,280,,,0,102,,7519,280,,,0,100,,7523,280,,,0,100,,7516,280,,,0
1701,'TM-A26-TM_GTFS-Fête-1-02',627,,7721,490,,,0,100,,7712,490,,,0,100,,7703,490,,,0,100,,7713,490,,,0,100,,7704,490,,,0,100,,7714,490,,,0,100,,7705,490,,,0,100,,7715,490,,,0,100,,7706,490,,,0,100,,7716,490,,,0,100,,7707,490,,,0,100,,7717,490,,,0,100,,7708,490,,,0,100,,7718,490,,,0,100,,7709,490,,,0,100,,7719,490,,,0,100,,7710,490,,,0,100,,7720,490,,,0,100,,7711,490,,,0
1701,'TM-A26-TM_GTFS-Fête-2-02',527,,7725,490,,,0,102,,7734,490,,,0,93,,7726,490,,,0,105,,7735,490,,,0,99,,7727,490,,,0,99,,7736,490,,,0,100,,7728,490,,,0,100,,7737,490,,,0,100,,7729,490,,,0,100,,7738,490,,,0,101,,7730,490,,,0,100,,7739,490,,,0,104,,7731,490,,,0,99,,7722,490,,,0,95,,7732,490,,,0,100,,7723,490,,,0,100,,7733,490,,,0,100,,7724,490,,,0,100,,7740,490,,,0,100,,7741,490,,,0
1701,'TM-A26-TM_GTFS-Semaine-02',527,,7745,490,,,0,102,,7754,490,,,0,93,,7746,490,,,0,105,,7755,490,,,0,99,,7747,490,,,0,99,,7756,490,,,0,100,,7748,490,,,0,100,,7757,490,,,0,100,,7749,490,,,0,100,,7758,490,,,0,101,,7750,490,,,0,100,,7759,490,,,0,104,,7751,490,,,0,99,,7742,490,,,0,95,,7752,490,,,0,100,,7743,490,,,0,100,,7753,490,,,0,100,,7744,490,,,0,100,,7760,490,,,0,100,,7761,490,,,0
1701,'TM-A26-TM_GTFS-Week-end-02',627,,7780,490,,,0,100,,7771,490,,,0,100,,7762,490,,,0,100,,7772,490,,,0,100,,7763,490,,,0,100,,7773,490,,,0,100,,7764,490,,,0,100,,7774,490,,,0,100,,7765,490,,,0,100,,7775,490,,,0,100,,7766,490,,,0,100,,7776,490,,,0,100,,7767,490,,,0,100,,7777,490,,,0,100,,7768,490,,,0,100,,7778,490,,,0,100,,7769,490,,,0,100,,7779,490,,,0,100,,7770,490,,,0
2000002400,'TM-A26-TM_GTFS-Fête-2-02',548,,8965,70,4,,0,86,,8966,70,4,,0,100,,8967,70,4,,0,483,,8968,70,4,,0
2000002400,'TM-A26-TM_GTFS-Semaine-02',548,,8969,70,4,,0,86,,8970,70,4,,0,100,,8971,70,4,,0,483,,8972,70,4,,0
