1101,'TM-A26-TM_GTFS-Fête-1-02',606,,7359,150,,,0,100,,7349,150,,,0,100,,7360,150,,,0,101,,7350,150,,,0,100,,7351,150,,,0,100,,7361,150,,,0,100,,7352,150,,,0,100,,7362,150,,,0,100,,7353,150,,,0,100,,7363,150,,,0,100,,7354,150,,,0,100,,7364,150,,,0,100,,7355,150,,,0,100,,7365,150,,,0,100,,7356,150,,,0,99,,7366,150,,,0,100,,7357,150,,,0,100,,7367,150,,,0,100,,7358,150,,,0
1101,'TM-A26-TM_GTFS-Fête-2-02',535,,7377,40,,,0,70,,7373,150,,,0,30,,7368,150,,,0,70,,7388,150,,,0,30,,7378,150,,,0,70,,7381,150,,,0,100,,7389,150,,,0,97,,7382,150,,,0,102,,7385,150,,,0,100,,7383,150,,,0,100,,7386,150,,,0,100,,7384,150,,,0,97,,7387,150,,,0,30,,7379,150,,,0,73,,7393,150,,,0,30,,7374,150,,,0,72,,7376,150,,,0,29,,7380,150,,,0,70,,7369,150,,,0,29,,7375,150,,,0,72,,7390,150,,,0,103,,7370,150,,,0,99,,7391,150,,,0,101,,7371,150,,,0,99,,7392,150,,,0,101,,7372,150,,,0
1101,'TM-A26-TM_GTFS-Semaine-02',535,,7403,40,,,0,70,,7399,150,,,0,30,,7394,150,,,0,70,,7414,150,,,0,30,,7404,150,,,0,70,,7407,150,,,0,100,,7415,150,,,0,97,,7408,150,,,0,102,,7411,150,,,0,100,,7409,150,,,0,100,,7412,150,,,0,100,,7410,150,,,0,97,,7413,150,,,0,30,,7405,150,,,0,73,,7419,150,,,0,30,,7400,150,,,0,72,,7402,150,,,0,29,,7406,150,,,0,70,,7395,150,,,0,29,,7401,150,,,0,72,,7416,150,,,0,103,,7396,150,,,0,99,,7417,150,,,0,101,,7397,150,,,0,99,,7418,150,,,0,101,,7398,150,,,0
1101,'TM-A26-TM_GTFS-Week-end-02',606,,7430,150,,,0,100,,7420,150,,,0,100,,7431,150,,,0,101,,7421,150,,,0,100,,7422,150,,,0,100,,7432,150,,,0,100,,7423,150,,,0,100,,7433,150,,,0,100,,7424,150,,,0,100,,7434,150,,,0,100,,7425,150,,,0,100,,7435,150,,,0,100,,7426,150,,,0,100,,7436,150,,,0,100,,7427,150,,,0,99,,7437,150,,,0,100,,7428,150,,,0,100,,7438,150,,,0,100,,7429,150,,,0
4001,'TM-A26-TM_GTFS-Fête-1-02',815,,8620,170,,,0,402,,8621,170,,,0,498,,8622,170,,,0
4001,'TM-A26-TM_GTFS-Week-end-02',815,,8623,170,,,0,402,,8624,170,,,0,498,,8625,170,,,0
14000,'TM-A26-TM_GTFS-Fête-2-02',533,,8642,230,,,0,80,,8634,230,,,0,20,,8636,230,,,0,20,,8645,230,,,0,60,,8632,230,,,0,20,,8641,230,,,0,25,,8643,230,,,0,71,,8640,230,,,0,386,,8644,230,,,0,108,,8638,230,,,0,219,,8637,230,,,0,189,,8635,230,,,0,175,,8639,230,,,0,253,,8633,230,,,0
14000,'TM-A26-TM_GTFS-Semaine-02',533,,8656,230,,,0,80,,8648,230,,,0,20,,8650,230,,,0,20,,8659,230,,,0,60,,8646,230,,,0,20,,8655,230,,,0,25,,8657,230,,,0,71,,8654,230,,,0,386,,8658,230,,,0,108,,8652,230,,,0,219,,8651,230,,,0,189,,8649,230,,,0,175,,8653,230,,,0,253,,8647,230,,,0
2000001200,'TM-A26-TM_GTFS-Fête-2-02',1231,,8919,50,,,0,390,,8920,50,,,0,215,,8921,50,,,0
2000001200,'TM-A26-TM_GTFS-Semaine-02',1231,,8922,50,,,0,390,,8923,50,,,0,215,,8924,50,,,0
