300,'TM-A26-TM_GTFS-Fête-1-01',630,,4867,500,,,0,201,,4868,620,,,0,208,,4869,620,,,0,200,,4870,620,,,0,200,,4871,620,,,0,196,,4872,620,,,0,197,,4873,620,,,0,199,,4874,620,,,0,200,,4875,620,,,0,198,,4876,620,,,0
300,'TM-A26-TM_GTFS-Fête-2-01',537,,4878,490,,,0,99,,4879,610,,,0,70,,4895,610,,,0,31,,4889,610,,,0,70,,4894,610,,,0,32,,4888,610,,,0,100,,4883,610,,,0,200,,4884,610,,,0,200,,4885,610,,,0,171,,4887,610,,,0,105,,4886,610,,,0,99,,4892,610,,,0,28,,4891,610,,,0,66,,4893,610,,,0,30,,4890,610,,,0,95,,4877,610,,,0,167,,4880,610,,,0,100,,4881,610,,,0,227,,4882,610,,,0
300,'TM-A26-TM_GTFS-Semaine-01',537,,4897,490,,,0,99,,4898,610,,,0,70,,4914,610,,,0,31,,4908,610,,,0,70,,4913,610,,,0,32,,4907,610,,,0,100,,4902,610,,,0,200,,4903,610,,,0,200,,4904,610,,,0,171,,4906,610,,,0,105,,4905,610,,,0,99,,4911,610,,,0,28,,4910,610,,,0,66,,4912,610,,,0,30,,4909,610,,,0,95,,4896,610,,,0,167,,4899,610,,,0,100,,4900,610,,,0,227,,4901,610,,,0
300,'TM-A26-TM_GTFS-Week-end-01',630,,4915,500,,,0,201,,4916,620,,,0,208,,4917,620,,,0,200,,4918,620,,,0,200,,4919,620,,,0,196,,4920,620,,,0,197,,4921,620,,,0,199,,4922,620,,,0,200,,4923,620,,,0,198,,4924,620,,,0
400,'TM-A26-TM_GTFS-Fête-2-01',1658,,4929,390,,,0,91,,4925,390,,,0,100,,4926,390,,,0,294,,4927,390,,,0,275,,4928,390,,,0
400,'TM-A26-TM_GTFS-Semaine-01',1658,,4934,390,,,0,91,,4930,390,,,0,100,,4931,390,,,0,294,,4932,390,,,0,275,,4933,390,,,0
401,'TM-A26-TM_GTFS-Fête-2-01',605,,4936,460,,,0,101,,4938,460,,,0,100,,4937,460,,,0,101,,4935,460,,,0,1031,,4939,460,,,0
401,'TM-A26-TM_GTFS-Semaine-01',605,,4941,460,,,0,101,,4943,460,,,0,100,,4942,460,,,0,101,,4940,460,,,0,1031,,4944,460,,,0
800,'TM-A26-TM_GTFS-Fête-1-01',702,,4952,190,,,0,100,,4953,190,,,0,100,,4954,190,,,0,100,,4955,190,,,0,100,,4956,190,,,0,100,,4957,190,,,0,100,,4958,190,,,0,100,,4959,190,,,0,100,,4960,190,,,0,100,,4961,190,,,0,100,,4962,190,,,0,100,,4963,190,,,0,100,,4964,190,,,0,100,,4965,190,,,0,100,,4966,190,,,0,100,,4967,190,,,0,100,,4968,190,,,0,100,,4969,190,,,0,99,,4970,190,0,16,0
800,'TM-A26-TM_GTFS-Fête-2-01',602,,4982,190,,,0,101,,4977,190,,,0,100,,4973,190,,,0,100,,4974,190,,,0,100,,4980,190,,,0,100,,4981,190,,,0,100,,4971,190,,,0,100,,4972,190,,,0,100,,4978,190,,,0,100,,4983,190,,,0,100,,4979,190,,,0,100,,4975,190,,,0,99,,4976,190,,,0,100,,4984,190,,,0,100,,4985,190,,,0,100,,4986,190,,,0,100,,4987,190,,,0,100,,4988,190,,,0,100,,4989,190,,,0,99,,4990,190,0,16,0
800,'TM-A26-TM_GTFS-Semaine-01',602,,5002,190,,,0,101,,4997,190,,,0,100,,4993,190,,,0,100,,4994,190,,,0,100,,5000,190,,,0,100,,5001,190,,,0,100,,4991,190,,,0,100,,4992,190,,,0,100,,4998,190,,,0,100,,5003,190,,,0,100,,4999,190,,,0,100,,4995,190,,,0,99,,4996,190,,,0,100,,5004,190,,,0,100,,5005,190,,,0,100,,5006,190,,,0,100,,5007,190,,,0,100,,5008,190,,,0,100,,5009,190,,,0,99,,5010,190,0,16,0
800,'TM-A26-TM_GTFS-Week-end-01',702,,5012,190,,,0,100,,5013,190,,,0,100,,5014,190,,,0,100,,5015,190,,,0,100,,5016,190,,,0,100,,5017,190,,,0,100,,5018,190,,,0,100,,5019,190,,,0,100,,5020,190,,,0,100,,5021,190,,,0,100,,5022,190,,,0,100,,5023,190,,,0,100,,5024,190,,,0,100,,5025,190,,,0,100,,5026,190,,,0,100,,5027,190,,,0,100,,5028,190,,,0,100,,5029,190,,,0,99,,5030,190,0,16,0
1101,'TM-A26-TM_GTFS-Fête-1-01',637,,5179,630,,,0,100,,5169,630,,,0,100,,5180,630,,,0,101,,5170,630,,,0,101,,5171,630,,,0,100,,5181,630,,,0,100,,5172,630,,,0,100,,5182,630,,,0,100,,5173,630,,,0,100,,5183,630,,,0,100,,5174,630,,,0,100,,5184,630,,,0,99,,5175,630,,,0,98,,5185,630,,,0,100,,5176,630,,,0,99,,5186,630,,,0,100,,5177,630,,,0,100,,5187,630,,,0,100,,5178,630,,,0
1101,'TM-A26-TM_GTFS-Fête-2-01',606,,5197,520,,,0,30,,5193,630,,,0,70,,5188,630,,,0,30,,5208,630,,,0,70,,5198,630,,,0,30,,5201,630,,,0,100,,5209,630,,,0,100,,5202,630,,,0,102,,5205,630,,,0,100,,5203,630,,,0,100,,5206,630,,,0,100,,5204,630,,,0,97,,5207,630,,,0,70,,5199,630,,,0,32,,5213,630,,,0,70,,5194,630,,,0,31,,5196,630,,,0,69,,5200,630,,,0,30,,5189,630,,,0,69,,5195,630,,,0,30,,5210,630,,,0,103,,5190,630,,,0,99,,5211,630,,,0,100,,5191,630,,,0,99,,5212,630,,,0,101,,5192,630,,,0
1101,'TM-A26-TM_GTFS-Semaine-01',606,,5223,520,,,0,30,,5219,630,,,0,70,,5214,630,,,0,30,,5234,630,,,0,70,,5224,630,,,0,30,,5227,630,,,0,100,,5235,630,,,0,100,,5228,630,,,0,102,,5231,630,,,0,100,,5229,630,,,0,100,,5232,630,,,0,100,,5230,630,,,0,97,,5233,630,,,0,70,,5225,630,,,0,32,,5239,630,,,0,70,,5220,630,,,0,31,,5222,630,,,0,69,,5226,630,,,0,30,,5215,630,,,0,69,,5221,630,,,0,30,,5236,630,,,0,103,,5216,630,,,0,99,,5237,630,,,0,100,,5217,630,,,0,99,,5238,630,,,0,101,,5218,630,,,0
1101,'TM-A26-TM_GTFS-Week-end-01',637,,5250,630,,,0,100,,5240,630,,,0,100,,5251,630,,,0,101,,5241,630,,,0,101,,5242,630,,,0,100,,5252,630,,,0,100,,5243,630,,,0,100,,5253,630,,,0,100,,5244,630,,,0,100,,5254,630,,,0,100,,5245,630,,,0,100,,5255,630,,,0,99,,5246,630,,,0,98,,5256,630,,,0,100,,5247,630,,,0,99,,5257,630,,,0,100,,5248,630,,,0,100,,5258,630,,,0,100,,5249,630,,,0
2001,'TM-A26-TM_GTFS-Fête-1-01',635,,6078,260,,,0,102,,6079,260,,,0,101,,6080,260,,,0,100,,6081,260,,,0,101,,6072,260,,,0,101,,6073,260,,,0,100,,6082,260,,,0,101,,6083,260,,,0,100,,6084,260,,,0,99,,6074,260,,,0,100,,6075,260,,,0,99,,6076,260,,,0,98,,6077,260,,,0,100,,6085,260,,,0,100,,6086,260,,,0,100,,6087,260,,,0,99,,6088,260,,,0,100,,6089,260,,,0,100,,6090,260,,,0
2001,'TM-A26-TM_GTFS-Fête-2-01',537,,6095,260,,,0,101,,6096,260,,,0,70,,6092,260,,,0,30,,6097,260,,,0,72,,6116,260,,,0,30,,6098,260,,,0,70,,6114,260,,,0,30,,6099,260,,,0,100,,6100,260,,,0,101,,6091,260,,,0,100,,6101,260,,,0,100,,6108,260,,,0,99,,6109,260,,,0,99,,6110,260,,,0,100,,6111,260,,,0,64,,6112,260,,,0,30,,6093,260,,,0,70,,6113,260,,,0,30,,6102,260,,,0,71,,6115,260,,,0,29,,6094,260,,,0,105,,6103,260,,,0,99,,6104,260,,,0,97,,6105,260,,,0,100,,6106,260,,,0,100,,6107,260,,,0
2001,'TM-A26-TM_GTFS-Semaine-01',537,,6121,260,,,0,101,,6122,260,,,0,70,,6118,260,,,0,30,,6123,260,,,0,72,,6142,260,,,0,30,,6124,260,,,0,70,,6140,260,,,0,30,,6125,260,,,0,100,,6126,260,,,0,101,,6117,260,,,0,100,,6127,260,,,0,100,,6134,260,,,0,99,,6135,260,,,0,99,,6136,260,,,0,100,,6137,260,,,0,64,,6138,260,,,0,30,,6119,260,,,0,70,,6139,260,,,0,30,,6128,260,,,0,71,,6141,260,,,0,29,,6120,260,,,0,105,,6129,260,,,0,99,,6130,260,,,0,97,,6131,260,,,0,100,,6132,260,,,0,100,,6133,260,,,0
2001,'TM-A26-TM_GTFS-Week-end-01',635,,6149,260,,,0,102,,6150,260,,,0,101,,6151,260,,,0,100,,6152,260,,,0,101,,6143,260,,,0,101,,6144,260,,,0,100,,6153,260,,,0,101,,6154,260,,,0,100,,6155,260,,,0,99,,6145,260,,,0,100,,6146,260,,,0,99,,6147,260,,,0,98,,6148,260,,,0,100,,6156,260,,,0,100,,6157,260,,,0,100,,6158,260,,,0,99,,6159,260,,,0,100,,6160,260,,,0,100,,6161,260,,,0
2100,'TM-A26-TM_GTFS-Fête-2-01',637,,6163,350,0,5,0,94,,6162,570,0,5,0,100,,6164,570,0,5,0,100,,6165,570,0,5,0
2100,'TM-A26-TM_GTFS-Semaine-01',637,,6167,350,0,5,0,94,,6166,570,0,5,0,100,,6168,570,0,5,0,100,,6169,570,0,5,0
2101,'TM-A26-TM_GTFS-Fête-2-01',1638,,6172,570,0,5,0,100,,6171,570,0,5,0,100,,6170,570,0,5,0
2101,'TM-A26-TM_GTFS-Semaine-01',1638,,6175,570,0,5,0,100,,6174,570,0,5,0,100,,6173,570,0,5,0
2701,'TM-A26-TM_GTFS-Semaine-01',601,,6280,220,,,0,58,,6283,220,,,0,100,,6284,220,,,0,100,,6285,310,,,0,770,,6281,310,,,0,103,,6282,310,,,0,100,,6286,310,,,0
