1100,'TM-A26-TM_GTFS-Fête-1-02',624,,7251,520,,,0,100,,7261,520,,,0,100,,7252,520,,,0,101,,7253,520,,,0,100,,7262,520,,,0,101,,7254,520,,,0,100,,7263,520,,,0,100,,7255,520,,,0,100,,7264,520,,,0,100,,7256,520,,,0,100,,7265,520,,,0,100,,7257,520,,,0,100,,7266,520,,,0,100,,7258,520,,,0,100,,7267,520,,,0,98,,7259,520,,,0,100,,7268,520,,,0,100,,7260,520,,,0,100,,7269,520,,,0,100,,7270,520,,,0
1100,'TM-A26-TM_GTFS-Fête-2-02',553,,7271,520,,,0,70,,7293,520,,,0,30,,7282,520,,,0,70,,7278,520,,,0,30,,7272,520,,,0,70,,7294,520,,,0,30,,7283,520,,,0,71,,7286,520,,,0,101,,7290,520,,,0,100,,7287,520,,,0,100,,7291,520,,,0,100,,7288,520,,,0,101,,7292,520,,,0,100,,7299,520,,,0,30,,7279,520,,,0,70,,7281,520,,,0,30,,7284,520,,,0,70,,7273,520,,,0,30,,7280,520,,,0,70,,7295,520,,,0,30,,7285,520,,,0,69,,7274,520,,,0,28,,7289,520,,,0,70,,7296,520,,,0,100,,7275,520,,,0,100,,7297,520,,,0,100,,7276,520,,,0,100,,7298,520,,,0,100,,7277,520,,,0
1100,'TM-A26-TM_GTFS-Semaine-02',553,,7300,520,,,0,70,,7322,520,,,0,30,,7311,520,,,0,70,,7307,520,,,0,30,,7301,520,,,0,70,,7323,520,,,0,30,,7312,520,,,0,71,,7315,520,,,0,101,,7319,520,,,0,100,,7316,520,,,0,100,,7320,520,,,0,100,,7317,520,,,0,101,,7321,520,,,0,100,,7328,520,,,0,30,,7308,520,,,0,70,,7310,520,,,0,30,,7313,520,,,0,70,,7302,520,,,0,30,,7309,520,,,0,70,,7324,520,,,0,30,,7314,520,,,0,69,,7303,520,,,0,28,,7318,520,,,0,70,,7325,520,,,0,100,,7304,520,,,0,100,,7326,520,,,0,100,,7305,520,,,0,100,,7327,520,,,0,100,,7306,520,,,0
1100,'TM-A26-TM_GTFS-Week-end-02',624,,7329,520,,,0,100,,7339,520,,,0,100,,7330,520,,,0,101,,7331,520,,,0,100,,7340,520,,,0,101,,7332,520,,,0,100,,7341,520,,,0,100,,7333,520,,,0,100,,7342,520,,,0,100,,7334,520,,,0,100,,7343,520,,,0,100,,7335,520,,,0,100,,7344,520,,,0,100,,7336,520,,,0,100,,7345,520,,,0,98,,7337,520,,,0,100,,7346,520,,,0,100,,7338,520,,,0,100,,7347,520,,,0,100,,7348,520,,,0
4000,'TM-A26-TM_GTFS-Fête-1-02',723,,8614,240,,,0,396,,8615,240,,,0,500,,8616,240,,,0
4000,'TM-A26-TM_GTFS-Week-end-02',723,,8617,240,,,0,396,,8618,240,,,0,500,,8619,240,,,0
14001,'TM-A26-TM_GTFS-Fête-2-02',646,,8671,190,,,0,106,,8666,190,,,0,97,,8670,190,,,0,470,,8668,190,,,0,208,,8663,190,,,0,99,,8667,190,,,0,80,,8665,190,,,0,27,,8669,190,,,0,70,,8672,190,,,0,40,,8660,190,,,0,70,,8664,190,,,0,96,,8661,190,,,0,292,,8662,190,,,0
14001,'TM-A26-TM_GTFS-Semaine-02',646,,8684,190,,,0,106,,8679,190,,,0,97,,8683,190,,,0,470,,8681,190,,,0,208,,8676,190,,,0,99,,8680,190,,,0,80,,8678,190,,,0,27,,8682,190,,,0,70,,8685,190,,,0,40,,8673,190,,,0,70,,8677,190,,,0,96,,8674,190,,,0,292,,8675,190,,,0
2000001201,'TM-A26-TM_GTFS-Fête-2-02',808,,8925,80,,,0,100,,8926,80,,,0,315,,8927,80,,,0
2000001201,'TM-A26-TM_GTFS-Semaine-02',808,,8928,80,,,0,100,,8929,80,,,0,315,,8930,80,,,0
