300,'TM-A26-TM_GTFS-Fête-1-02',612,,7047,210,,,0,199,,7048,330,,,0,205,,7049,330,,,0,200,,7050,330,,,0,200,,7051,330,,,0,199,,7052,330,,,0,198,,7053,330,,,0,199,,7054,330,,,0,200,,7055,330,,,0,199,,7056,330,,,0
300,'TM-A26-TM_GTFS-Fête-2-02',518,,7058,210,,,0,96,,7059,330,,,0,30,,7075,330,,,0,71,,7069,330,,,0,30,,7074,330,,,0,71,,7068,330,,,0,100,,7063,330,,,0,201,,7064,330,,,0,200,,7065,330,,,0,130,,7067,330,,,0,105,,7066,330,,,0,97,,7072,330,,,0,68,,7071,330,,,0,30,,7073,330,,,0,70,,7070,330,,,0,97,,7057,330,,,0,128,,7060,330,,,0,100,,7061,330,,,0,269,,7062,330,,,0
300,'TM-A26-TM_GTFS-Semaine-02',518,,7077,210,,,0,96,,7078,330,,,0,30,,7094,330,,,0,71,,7088,330,,,0,30,,7093,330,,,0,71,,7087,330,,,0,100,,7082,330,,,0,201,,7083,330,,,0,200,,7084,330,,,0,130,,7086,330,,,0,105,,7085,330,,,0,97,,7091,330,,,0,68,,7090,330,,,0,30,,7092,330,,,0,70,,7089,330,,,0,97,,7076,330,,,0,128,,7079,330,,,0,100,,7080,330,,,0,269,,7081,330,,,0
300,'TM-A26-TM_GTFS-Week-end-02',612,,7095,210,,,0,199,,7096,330,,,0,205,,7097,330,,,0,200,,7098,330,,,0,200,,7099,330,,,0,199,,7100,330,,,0,198,,7101,330,,,0,199,,7102,330,,,0,200,,7103,330,,,0,199,,7104,330,,,0
2001,'TM-A26-TM_GTFS-Fête-1-02',623,,8258,100,,,0,100,,8259,100,,,0,101,,8260,100,,,0,100,,8261,100,,,0,100,,8252,100,,,0,100,,8253,100,,,0,100,,8262,100,,,0,101,,8263,100,,,0,100,,8264,100,,,0,100,,8254,100,,,0,100,,8255,100,,,0,100,,8256,100,,,0,100,,8257,100,,,0,100,,8265,100,,,0,100,,8266,100,,,0,100,,8267,100,,,0,99,,8268,100,,,0,100,,8269,100,,,0,100,,8270,100,,,0
2001,'TM-A26-TM_GTFS-Fête-2-02',525,,8275,100,,,0,99,,8276,100,,,0,30,,8272,100,,,0,70,,8277,100,,,0,32,,8296,100,,,0,70,,8278,100,,,0,30,,8294,100,,,0,70,,8279,100,,,0,100,,8280,100,,,0,100,,8271,100,,,0,100,,8281,100,,,0,100,,8288,100,,,0,98,,8289,100,,,0,99,,8290,100,,,0,100,,8291,100,,,0,25,,8292,100,,,0,71,,8273,100,,,0,30,,8293,100,,,0,70,,8282,100,,,0,31,,8295,100,,,0,70,,8274,100,,,0,105,,8283,100,,,0,99,,8284,100,,,0,100,,8285,100,,,0,100,,8286,100,,,0,100,,8287,100,,,0
2001,'TM-A26-TM_GTFS-Semaine-02',525,,8301,100,,,0,99,,8302,100,,,0,30,,8298,100,,,0,70,,8303,100,,,0,32,,8322,100,,,0,70,,8304,100,,,0,30,,8320,100,,,0,70,,8305,100,,,0,100,,8306,100,,,0,100,,8297,100,,,0,100,,8307,100,,,0,100,,8314,100,,,0,98,,8315,100,,,0,99,,8316,100,,,0,100,,8317,100,,,0,25,,8318,100,,,0,71,,8299,100,,,0,30,,8319,100,,,0,70,,8308,100,,,0,31,,8321,100,,,0,70,,8300,100,,,0,105,,8309,100,,,0,99,,8310,100,,,0,100,,8311,100,,,0,100,,8312,100,,,0,100,,8313,100,,,0
2001,'TM-A26-TM_GTFS-Week-end-02',623,,8329,100,,,0,100,,8330,100,,,0,101,,8331,100,,,0,100,,8332,100,,,0,100,,8323,100,,,0,100,,8324,100,,,0,100,,8333,100,,,0,101,,8334,100,,,0,100,,8335,100,,,0,100,,8325,100,,,0,100,,8326,100,,,0,100,,8327,100,,,0,100,,8328,100,,,0,100,,8336,100,,,0,100,,8337,100,,,0,100,,8338,100,,,0,99,,8339,100,,,0,100,,8340,100,,,0,100,,8341,100,,,0
2101,'TM-A26-TM_GTFS-Fête-2-02',1624,,8352,420,0,5,0,100,,8351,420,0,5,0,100,,8350,420,0,5,0
2101,'TM-A26-TM_GTFS-Semaine-02',1624,,8355,420,0,5,0,100,,8354,420,0,5,0,100,,8353,420,0,5,0
2200,'TM-A26-TM_GTFS-Semaine-02',704,,8356,90,,,0,110,,8357,90,,,0,409,,8358,90,,,0
