1401,'TM-A26-TM_GTFS-Fête-1-02',755,,7540,70,,,0,103,,7537,70,,,0,101,,7551,70,,,0,141,,7547,70,,,0,100,,7545,70,,,0,100,,7548,70,,,0,101,,7546,70,,,0,99,,7549,70,,,0,100,,7552,70,,,0,100,,7550,70,,,0,100,,7535,70,,,0,59,,7538,70,,,0,99,,7536,70,,,0,100,,7541,70,,,0,97,,7544,70,,,0,103,,7542,70,,,0,99,,7539,70,,,0,100,,7543,70,,,0
1401,'TM-A26-TM_GTFS-Fête-2-02',628,,7560,70,,,0,30,,7568,70,,,0,70,,7579,70,,,0,30,,7561,70,,,0,70,,7569,70,,,0,30,,7559,70,,,0,70,,7562,70,,,0,30,,7570,70,,,0,70,,7563,70,,,0,101,,7572,70,,,0,101,,7574,70,,,0,100,,7573,70,,,0,101,,7553,70,,,0,100,,7558,70,,,0,100,,7554,70,,,0,70,,7575,70,,,0,30,,7564,70,,,0,70,,7555,70,,,0,29,,7576,70,,,0,70,,7565,70,,,0,29,,7556,70,,,0,100,,7577,70,,,0,100,,7557,70,,,0,100,,7566,70,,,0,99,,7571,70,,,0,99,,7567,70,,,0,100,,7578,70,,,0
1401,'TM-A26-TM_GTFS-Semaine-02',628,,7587,70,,,0,30,,7595,70,,,0,70,,7606,70,,,0,30,,7588,70,,,0,70,,7596,70,,,0,30,,7586,70,,,0,70,,7589,70,,,0,30,,7597,70,,,0,70,,7590,70,,,0,101,,7599,70,,,0,101,,7601,70,,,0,100,,7600,70,,,0,101,,7580,70,,,0,100,,7585,70,,,0,100,,7581,70,,,0,70,,7602,70,,,0,30,,7591,70,,,0,70,,7582,70,,,0,29,,7603,70,,,0,70,,7592,70,,,0,29,,7583,70,,,0,100,,7604,70,,,0,100,,7584,70,,,0,100,,7593,70,,,0,99,,7598,70,,,0,99,,7594,70,,,0,100,,7605,70,,,0
1401,'TM-A26-TM_GTFS-Week-end-02',755,,7612,70,,,0,103,,7609,70,,,0,101,,7623,70,,,0,141,,7619,70,,,0,100,,7617,70,,,0,100,,7620,70,,,0,101,,7618,70,,,0,99,,7621,70,,,0,100,,7624,70,,,0,100,,7622,70,,,0,100,,7607,70,,,0,59,,7610,70,,,0,99,,7608,70,,,0,100,,7613,70,,,0,97,,7616,70,,,0,103,,7614,70,,,0,99,,7611,70,,,0,100,,7615,70,,,0
1700,'TM-A26-TM_GTFS-Fête-1-02',657,,7625,70,,,0,100,,7635,70,,,0,101,,7626,70,,,0,101,,7636,70,,,0,100,,7627,70,,,0,141,,7637,70,,,0,100,,7628,70,,,0,100,,7638,70,,,0,100,,7629,70,,,0,100,,7639,70,,,0,100,,7630,70,,,0,59,,7640,70,,,0,99,,7631,70,,,0,100,,7641,70,,,0,100,,7632,70,,,0,100,,7642,70,,,0,99,,7633,70,,,0,100,,7643,70,,,0,100,,7634,70,,,0
1700,'TM-A26-TM_GTFS-Fête-2-02',558,,7648,70,,,0,101,,7656,70,,,0,100,,7649,70,,,0,100,,7657,70,,,0,100,,7650,70,,,0,100,,7644,70,,,0,100,,7651,70,,,0,100,,7658,70,,,0,141,,7652,70,,,0,100,,7659,70,,,0,101,,7653,70,,,0,100,,7645,70,,,0,99,,7654,70,,,0,100,,7646,70,,,0,59,,7655,70,,,0,100,,7647,70,,,0,100,,7661,70,,,0,99,,7663,70,,,0,100,,7662,70,,,0,99,,7660,70,,,0
1700,'TM-A26-TM_GTFS-Semaine-02',558,,7668,70,,,0,101,,7676,70,,,0,100,,7669,70,,,0,100,,7677,70,,,0,100,,7670,70,,,0,100,,7664,70,,,0,100,,7671,70,,,0,100,,7678,70,,,0,141,,7672,70,,,0,100,,7679,70,,,0,101,,7673,70,,,0,100,,7665,70,,,0,99,,7674,70,,,0,100,,7666,70,,,0,59,,7675,70,,,0,100,,7667,70,,,0,100,,7681,70,,,0,99,,7683,70,,,0,100,,7682,70,,,0,99,,7680,70,,,0
1700,'TM-A26-TM_GTFS-Week-end-02',657,,7684,70,,,0,100,,7694,70,,,0,101,,7685,70,,,0,101,,7695,70,,,0,100,,7686,70,,,0,141,,7696,70,,,0,100,,7687,70,,,0,100,,7697,70,,,0,100,,7688,70,,,0,100,,7698,70,,,0,100,,7689,70,,,0,59,,7699,70,,,0,99,,7690,70,,,0,100,,7700,70,,,0,100,,7691,70,,,0,100,,7701,70,,,0,99,,7692,70,,,0,100,,7702,70,,,0,100,,7693,70,,,0
1801,'TM-A26-TM_GTFS-Fête-2-02',603,,7827,160,0,6 7,0,100,,7828,160,0,6 7,0,53,,7836,160,0,6 7,0,147,,7829,160,0,6 7,0,200,,7830,160,0,6 7,0,200,,7831,160,0,6 7,0,200,,7832,160,0,6 7,0,101,,7826,160,0,6 7,0,100,,7834,160,0,6 7,0,100,,7833,160,0,6 7,0,199,,7825,160,0,6 7,0,200,,7835,160,0,6 7,0
1801,'TM-A26-TM_GTFS-Semaine-02',603,,7840,160,0,6 7,0,100,,7841,160,0,6 7,0,53,,7849,160,0,6 7,0,147,,7842,160,0,6 7,0,200,,7843,160,0,6 7,0,200,,7844,160,0,6 7,0,200,,7845,160,0,6 7,0,101,,7839,160,0,6 7,0,100,,7847,160,0,6 7,0,100,,7846,160,0,6 7,0,199,,7838,160,0,6 7,0,200,,7848,160,0,6 7,0
2300,'TM-A26-TM_GTFS-Fête-2-02',557,,8365,70,,,0,101,,8366,70,,,0,100,,8368,70,,,0,100,,8369,70,,,0,882,,8367,70,,,0
2300,'TM-A26-TM_GTFS-Semaine-02',557,,8370,70,,,0,101,,8371,70,,,0,100,,8373,70,,,0,100,,8376,70,,,0,300,,8375,70,,,0,200,,8374,70,,,0,382,,8372,70,,,0
2700,'TM-A26-TM_GTFS-Semaine-02',734,,8458,230,,,0,100,,8453,230,,,0,707,,8456,230,,,0,102,,8457,230,,,0,100,,8455,230,,,0,97,,8454,230,,,0,100,,8459,230,,,0
