200,'TM-A26-TM_GTFS-Fête-1-01',656,,4805,80,,,0,200,,4806,80,,,0,200,,4807,80,,,0,200,,4808,80,,,0,200,,4809,80,,,0,200,,4810,80,,,0,200,,4811,80,,,0,200,,4812,80,,,0,200,,4813,80,,,0,200,,4814,80,0,12,0
200,'TM-A26-TM_GTFS-Fête-2-01',556,,4833,80,,,0,70,,4827,80,,,0,30,,4834,80,,,0,70,,4828,80,,,0,30,,4835,80,,,0,70,,4829,80,,,0,130,,4823,80,,,0,200,,4824,80,,,0,200,,4825,80,0,8 7,0,100,,4822,80,,,0,101,,4831,80,,,0,70,,4830,80,,,0,30,,4832,80,,,0,70,,4826,80,,,0,99,,4815,80,,,0,130,,4821,80,,,0,99,,4818,80,,,0,100,,4817,80,,,0,100,,4819,80,,,0,200,,4820,80,0,12,0
200,'TM-A26-TM_GTFS-Semaine-01',556,,4854,80,,,0,70,,4848,80,,,0,30,,4855,80,,,0,70,,4849,80,,,0,30,,4856,80,,,0,70,,4850,80,,,0,130,,4844,80,,,0,200,,4845,80,,,0,200,,4846,80,0,8 7,0,100,,4843,80,,,0,101,,4852,80,,,0,70,,4851,80,,,0,30,,4853,80,,,0,70,,4847,80,,,0,99,,4836,80,,,0,130,,4842,80,,,0,99,,4839,80,,,0,100,,4838,80,,,0,100,,4840,80,,,0,200,,4841,80,0,12,0
200,'TM-A26-TM_GTFS-Week-end-01',656,,4857,80,,,0,200,,4858,80,,,0,200,,4859,80,,,0,200,,4860,80,,,0,200,,4861,80,,,0,200,,4862,80,,,0,200,,4863,80,,,0,200,,4864,80,,,0,200,,4865,80,,,0,200,,4866,80,0,12,0
400,'TM-A26-TM_GTFS-Fête-2-01',1638,,4929,80,,,0,93,,4925,80,,,0,100,,4926,80,,,0,295,,4927,80,,,0,275,,4928,80,,,0
400,'TM-A26-TM_GTFS-Semaine-01',1638,,4934,80,,,0,93,,4930,80,,,0,100,,4931,80,,,0,295,,4932,80,,,0,275,,4933,80,,,0
401,'TM-A26-TM_GTFS-Fête-2-01',546,,4936,160,,,0,100,,4938,160,,,0,100,,4937,160,,,0,101,,4935,160,,,0,1074,,4939,160,,,0
401,'TM-A26-TM_GTFS-Semaine-01',546,,4941,160,,,0,100,,4943,160,,,0,100,,4942,160,,,0,101,,4940,160,,,0,1074,,4944,160,,,0
800,'TM-A26-TM_GTFS-Fête-1-01',627,,4951,310,,,0,99,,4952,610,,,0,100,,4953,610,,,0,100,,4954,610,,,0,101,,4955,610,,,0,100,,4956,610,,,0,100,,4957,610,,,0,100,,4958,610,,,0,100,,4959,610,,,0,100,,4960,610,,,0,100,,4961,610,,,0,100,,4962,610,,,0,99,,4963,610,,,0,100,,4964,610,,,0,100,,4965,610,,,0,100,,4966,610,,,0,100,,4967,610,,,0,100,,4968,610,,,0,100,,4969,610,,,0
800,'TM-A26-TM_GTFS-Fête-2-01',627,,4982,610,,,0,102,,4977,610,,,0,100,,4973,610,,,0,99,,4974,610,,,0,100,,4980,610,,,0,100,,4981,610,,,0,100,,4971,610,,,0,100,,4972,610,,,0,100,,4978,610,,,0,102,,4983,610,,,0,100,,4979,610,,,0,100,,4975,610,,,0,96,,4976,610,,,0,100,,4984,610,,,0,100,,4985,610,,,0,100,,4986,610,,,0,100,,4987,610,,,0,100,,4988,610,,,0,99,,4989,610,,,0
800,'TM-A26-TM_GTFS-Semaine-01',627,,5002,610,,,0,102,,4997,610,,,0,100,,4993,610,,,0,99,,4994,610,,,0,100,,5000,610,,,0,100,,5001,610,,,0,100,,4991,610,,,0,100,,4992,610,,,0,100,,4998,610,,,0,102,,5003,610,,,0,100,,4999,610,,,0,100,,4995,610,,,0,96,,4996,610,,,0,100,,5004,610,,,0,100,,5005,610,,,0,100,,5006,610,,,0,100,,5007,610,,,0,100,,5008,610,,,0,99,,5009,610,,,0
800,'TM-A26-TM_GTFS-Week-end-01',627,,5011,310,,,0,99,,5012,610,,,0,100,,5013,610,,,0,100,,5014,610,,,0,101,,5015,610,,,0,100,,5016,610,,,0,100,,5017,610,,,0,100,,5018,610,,,0,100,,5019,610,,,0,100,,5020,610,,,0,100,,5021,610,,,0,100,,5022,610,,,0,99,,5023,610,,,0,100,,5024,610,,,0,100,,5025,610,,,0,100,,5026,610,,,0,100,,5027,610,,,0,100,,5028,610,,,0,100,,5029,610,,,0
1100,'TM-A26-TM_GTFS-Fête-1-01',555,,5071,80,,,0,100,,5081,80,,,0,100,,5072,80,,,0,100,,5073,80,,,0,100,,5082,80,,,0,101,,5074,80,,,0,100,,5083,80,,,0,100,,5075,80,,,0,100,,5084,80,,,0,100,,5076,80,,,0,100,,5085,80,,,0,100,,5077,80,,,0,100,,5086,80,,,0,100,,5078,80,,,0,100,,5087,80,,,0,100,,5079,80,,,0,100,,5088,80,,,0,100,,5080,80,,,0,100,,5089,80,,,0,100,,5090,80,,,0
1100,'TM-A26-TM_GTFS-Fête-2-01',525,,5091,80,,,0,30,,5113,80,,,0,70,,5102,80,,,0,30,,5098,80,,,0,70,,5092,80,,,0,30,,5114,80,,,0,70,,5103,80,,,0,30,,5106,80,,,0,100,,5110,80,,,0,100,,5107,80,,,0,100,,5111,80,,,0,100,,5108,80,,,0,101,,5112,80,,,0,100,,5119,80,,,0,70,,5099,80,,,0,30,,5101,80,,,0,70,,5104,80,,,0,30,,5093,80,,,0,70,,5100,80,,,0,30,,5115,80,,,0,70,,5105,80,,,0,30,,5094,80,,,0,69,,5109,80,,,0,30,,5116,80,,,0,100,,5095,80,,,0,100,,5117,80,,,0,100,,5096,80,,,0,100,,5118,80,,,0,100,,5097,80,,,0
1100,'TM-A26-TM_GTFS-Semaine-01',525,,5120,80,,,0,30,,5142,80,,,0,70,,5131,80,,,0,30,,5127,80,,,0,70,,5121,80,,,0,30,,5143,80,,,0,70,,5132,80,,,0,30,,5135,80,,,0,100,,5139,80,,,0,100,,5136,80,,,0,100,,5140,80,,,0,100,,5137,80,,,0,101,,5141,80,,,0,100,,5148,80,,,0,70,,5128,80,,,0,30,,5130,80,,,0,70,,5133,80,,,0,30,,5122,80,,,0,70,,5129,80,,,0,30,,5144,80,,,0,70,,5134,80,,,0,30,,5123,80,,,0,69,,5138,80,,,0,30,,5145,80,,,0,100,,5124,80,,,0,100,,5146,80,,,0,100,,5125,80,,,0,100,,5147,80,,,0,100,,5126,80,,,0
1100,'TM-A26-TM_GTFS-Week-end-01',555,,5149,80,,,0,100,,5159,80,,,0,100,,5150,80,,,0,100,,5151,80,,,0,100,,5160,80,,,0,101,,5152,80,,,0,100,,5161,80,,,0,100,,5153,80,,,0,100,,5162,80,,,0,100,,5154,80,,,0,100,,5163,80,,,0,100,,5155,80,,,0,100,,5164,80,,,0,100,,5156,80,,,0,100,,5165,80,,,0,100,,5157,80,,,0,100,,5166,80,,,0,100,,5158,80,,,0,100,,5167,80,,,0,100,,5168,80,,,0
2000,'TM-A26-TM_GTFS-Fête-1-01',656,,5991,80,,,0,100,,5992,80,,,0,100,,5993,80,,,0,100,,5982,80,,,0,100,,5983,80,,,0,100,,5984,80,,,0,100,,5985,80,,,0,100,,5986,80,,,0,100,,5987,80,,,0,100,,5988,80,,,0,100,,5989,80,,,0,100,,5990,80,,,0,100,,5994,80,,,0,100,,5995,80,,,0,100,,5996,80,,,0,100,,5997,80,,,0,100,,5998,80,,,0,100,,5999,80,,,0,100,,6000,80,,,0
2000,'TM-A26-TM_GTFS-Fête-2-01',556,,6007,80,,,0,70,,6002,80,,,0,30,,6008,80,,,0,70,,6026,80,,,0,30,,6009,80,,,0,70,,6024,80,,,0,30,,6010,80,,,0,100,,6011,80,,,0,100,,6012,80,,,0,100,,6013,80,,,0,100,,6017,80,,,0,100,,6001,80,,,0,100,,6016,80,,,0,100,,6003,80,,,0,70,,6005,80,,,0,30,,6004,80,,,0,70,,6023,80,,,0,30,,6014,80,,,0,70,,6025,80,,,0,30,,6006,80,,,0,100,,6015,80,,,0,100,,6018,80,,,0,100,,6019,80,,,0,100,,6020,80,,,0,100,,6021,80,,,0,100,,6022,80,,,0
2000,'TM-A26-TM_GTFS-Semaine-01',556,,6033,80,,,0,70,,6028,80,,,0,30,,6034,80,,,0,70,,6052,80,,,0,30,,6035,80,,,0,70,,6050,80,,,0,30,,6036,80,,,0,100,,6037,80,,,0,100,,6038,80,,,0,100,,6039,80,,,0,100,,6043,80,,,0,100,,6027,80,,,0,100,,6042,80,,,0,100,,6029,80,,,0,70,,6031,80,,,0,30,,6030,80,,,0,70,,6049,80,,,0,30,,6040,80,,,0,70,,6051,80,,,0,30,,6032,80,,,0,100,,6041,80,,,0,100,,6044,80,,,0,100,,6045,80,,,0,100,,6046,80,,,0,100,,6047,80,,,0,100,,6048,80,,,0
2000,'TM-A26-TM_GTFS-Week-end-01',656,,6062,80,,,0,100,,6063,80,,,0,100,,6064,80,,,0,100,,6053,80,,,0,100,,6054,80,,,0,100,,6055,80,,,0,100,,6056,80,,,0,100,,6057,80,,,0,100,,6058,80,,,0,100,,6059,80,,,0,100,,6060,80,,,0,100,,6061,80,,,0,100,,6065,80,,,0,100,,6066,80,,,0,100,,6067,80,,,0,100,,6068,80,,,0,100,,6069,80,,,0,100,,6070,80,,,0,100,,6071,80,,,0
2100,'TM-A26-TM_GTFS-Fête-2-01',655,,6162,80,0,5,0,100,,6164,80,0,5,0,100,,6165,80,0,5,0
2100,'TM-A26-TM_GTFS-Semaine-01',655,,6166,80,0,5,0,100,,6168,80,0,5,0,100,,6169,80,0,5,0
2101,'TM-A26-TM_GTFS-Fête-2-01',1556,,6172,80,0,5,0,100,,6171,80,0,5,0,100,,6170,80,0,5,0
2101,'TM-A26-TM_GTFS-Semaine-01',1556,,6175,80,0,5,0,100,,6174,80,0,5,0,100,,6173,80,0,5,0
2700,'TM-A26-TM_GTFS-Semaine-01',720,,6278,80,,,0,100,,6273,80,,,0,706,,6276,80,,,0,100,,6277,80,,,0,100,,6275,80,,,0,100,,6274,80,,,0,100,,6279,80,,,0
