100,'TM-A26-TM_GTFS-Fête-1-02',706,,6884,290,,,0,100,,6885,290,,,0,100,,6886,290,,,0,100,,6887,290,,,0,100,,6888,290,,,0,100,,6889,290,,,0,100,,6890,290,,,0,104,,6891,360,,,0,100,,6892,360,,,0,100,,6893,360,,,0,100,,6894,360,,,0,99,,6895,360,,,0,100,,6896,360,,,0,100,,6897,360,,,0,100,,6898,360,,,0,100,,6899,360,,,0,100,,6900,360,,,0,100,,6901,360,,,0,99,,6902,360,0,13 3 14,0
100,'TM-A26-TM_GTFS-Fête-2-02',536,,6903,290,,,0,71,,6931,290,,,0,30,,6929,290,,,0,70,,6921,290,,,0,30,,6930,290,,,0,70,,6909,290,,,0,30,,6926,290,,,0,69,,6910,290,,,0,100,,6911,290,,,0,100,,6912,290,,,0,100,,6913,290,,,0,100,,6914,290,,,0,100,,6915,290,,,0,100,,6916,290,,,0,30,,6927,290,,,0,71,,6917,290,,,0,30,,6928,290,,,0,70,,6919,290,,,0,30,,6907,290,,,0,70,,6918,290,,,0,29,,6906,290,,,0,69,,6920,290,,,0,30,,6908,290,,,0,70,,6922,290,,,0,100,,6932,290,,,0,100,,6933,290,,,0,100,,6923,290,,,0,100,,6924,290,,,0,100,,6925,290,0,13 3 14,0
100,'TM-A26-TM_GTFS-Semaine-02',536,,6934,290,,,0,71,,6962,290,,,0,30,,6960,290,,,0,70,,6952,290,,,0,30,,6961,290,,,0,70,,6940,290,,,0,30,,6957,290,,,0,69,,6941,290,,,0,100,,6942,290,,,0,100,,6943,290,,,0,100,,6944,290,,,0,100,,6945,290,,,0,100,,6946,290,,,0,100,,6947,290,,,0,30,,6958,290,,,0,71,,6948,290,,,0,30,,6959,290,,,0,70,,6950,290,,,0,30,,6938,290,,,0,70,,6949,290,,,0,29,,6937,290,,,0,69,,6951,290,,,0,30,,6939,290,,,0,70,,6953,290,,,0,100,,6963,290,,,0,100,,6964,290,,,0,100,,6954,290,,,0,100,,6955,290,,,0,100,,6956,290,0,13 3 14,0
100,'TM-A26-TM_GTFS-Week-end-02',706,,6966,290,,,0,100,,6967,290,,,0,100,,6968,290,,,0,100,,6969,290,,,0,100,,6970,290,,,0,100,,6971,290,,,0,100,,6972,290,,,0,104,,6973,360,,,0,100,,6974,360,,,0,100,,6975,360,,,0,100,,6976,360,,,0,99,,6977,360,,,0,100,,6978,360,,,0,100,,6979,360,,,0,100,,6980,360,,,0,100,,6981,360,,,0,100,,6982,360,,,0,100,,6983,360,,,0,99,,6984,360,0,13 3 14,0
1400,'TM-A26-TM_GTFS-Fête-1-02',641,,7439,360,,,0,100,,7444,360,,,0,99,,7442,360,,,0,99,,7456,360,,,0,100,,7451,360,,,0,100,,7449,360,,,0,99,,7452,360,,,0,100,,7450,360,,,0,100,,7453,360,,,0,101,,7457,360,,,0,100,,7454,360,,,0,100,,7458,360,,,0,100,,7455,360,,,0,100,,7441,360,,,0,100,,7445,360,,,0,100,,7448,360,,,0,100,,7446,360,,,0,101,,7443,360,,,0,100,,7447,360,,,0,100,,7440,360,,,0
1400,'TM-A26-TM_GTFS-Fête-2-02',531,,7474,360,,,0,72,,7467,360,,,0,31,,7475,360,,,0,72,,7480,360,,,0,27,,7468,360,,,0,70,,7476,360,,,0,30,,7466,360,,,0,70,,7469,360,,,0,30,,7477,360,,,0,72,,7470,360,,,0,100,,7481,360,,,0,100,,7483,360,,,0,100,,7482,360,,,0,100,,7459,360,,,0,100,,7464,360,,,0,100,,7460,360,,,0,30,,7478,360,,,0,70,,7465,360,,,0,30,,7461,360,,,0,70,,7484,360,,,0,31,,7471,360,,,0,70,,7462,360,,,0,102,,7485,360,,,0,101,,7463,360,,,0,100,,7472,360,,,0,100,,7479,360,,,0,101,,7473,360,,,0,99,,7486,360,,,0
1400,'TM-A26-TM_GTFS-Semaine-02',531,,7502,360,,,0,72,,7495,360,,,0,31,,7503,360,,,0,72,,7508,360,,,0,27,,7496,360,,,0,70,,7504,360,,,0,30,,7494,360,,,0,70,,7497,360,,,0,30,,7505,360,,,0,72,,7498,360,,,0,100,,7509,360,,,0,100,,7511,360,,,0,100,,7510,360,,,0,100,,7487,360,,,0,100,,7492,360,,,0,100,,7488,360,,,0,30,,7506,360,,,0,70,,7493,360,,,0,30,,7489,360,,,0,70,,7512,360,,,0,31,,7499,360,,,0,70,,7490,360,,,0,102,,7513,360,,,0,101,,7491,360,,,0,100,,7500,360,,,0,100,,7507,360,,,0,101,,7501,360,,,0,99,,7514,360,,,0
1400,'TM-A26-TM_GTFS-Week-end-02',641,,7515,360,,,0,100,,7520,360,,,0,99,,7518,360,,,0,99,,7532,360,,,0,100,,7527,360,,,0,100,,7525,360,,,0,99,,7528,360,,,0,100,,7526,360,,,0,100,,7529,360,,,0,101,,7533,360,,,0,100,,7530,360,,,0,100,,7534,360,,,0,100,,7531,360,,,0,100,,7517,360,,,0,100,,7521,360,,,0,100,,7524,360,,,0,100,,7522,360,,,0,101,,7519,360,,,0,100,,7523,360,,,0,100,,7516,360,,,0
1701,'TM-A26-TM_GTFS-Fête-1-02',631,,7721,570,,,0,101,,7712,570,,,0,100,,7703,570,,,0,100,,7713,570,,,0,100,,7704,570,,,0,100,,7714,570,,,0,100,,7705,570,,,0,100,,7715,570,,,0,100,,7706,570,,,0,100,,7716,570,,,0,100,,7707,570,,,0,99,,7717,570,,,0,100,,7708,570,,,0,100,,7718,570,,,0,99,,7709,570,,,0,100,,7719,570,,,0,100,,7710,570,,,0,100,,7720,570,,,0,100,,7711,570,,,0
1701,'TM-A26-TM_GTFS-Fête-2-02',532,,7725,570,,,0,102,,7734,570,,,0,94,,7726,570,,,0,104,,7735,570,,,0,100,,7727,570,,,0,99,,7736,570,,,0,100,,7728,570,,,0,100,,7737,570,,,0,100,,7729,570,,,0,100,,7738,570,,,0,101,,7730,570,,,0,100,,7739,570,,,0,104,,7731,570,,,0,96,,7722,570,,,0,95,,7732,570,,,0,100,,7723,570,,,0,100,,7733,570,,,0,100,,7724,570,,,0,100,,7740,570,,,0,100,,7741,570,,,0
1701,'TM-A26-TM_GTFS-Semaine-02',532,,7745,570,,,0,102,,7754,570,,,0,94,,7746,570,,,0,104,,7755,570,,,0,100,,7747,570,,,0,99,,7756,570,,,0,100,,7748,570,,,0,100,,7757,570,,,0,100,,7749,570,,,0,100,,7758,570,,,0,101,,7750,570,,,0,100,,7759,570,,,0,104,,7751,570,,,0,96,,7742,570,,,0,95,,7752,570,,,0,100,,7743,570,,,0,100,,7753,570,,,0,100,,7744,570,,,0,100,,7760,570,,,0,100,,7761,570,,,0
1701,'TM-A26-TM_GTFS-Week-end-02',631,,7780,570,,,0,101,,7771,570,,,0,100,,7762,570,,,0,100,,7772,570,,,0,100,,7763,570,,,0,100,,7773,570,,,0,100,,7764,570,,,0,100,,7774,570,,,0,100,,7765,570,,,0,100,,7775,570,,,0,100,,7766,570,,,0,99,,7776,570,,,0,100,,7767,570,,,0,100,,7777,570,,,0,99,,7768,570,,,0,100,,7778,570,,,0,100,,7769,570,,,0,100,,7779,570,,,0,100,,7770,570,,,0
1800,'TM-A26-TM_GTFS-Fête-1-02',724,,7784,490,,,0,100,,7785,490,,,0,100,,7786,490,,,0,399,,7787,490,,,0,201,,7781,490,,,0,100,,7782,490,,,0,100,,7783,490,,,0,299,,7788,490,,,0
1800,'TM-A26-TM_GTFS-Fête-2-02',554,,7789,180,,,0,102,,7798,490,,,0,100,,7790,490,,,0,70,,7794,490,,,0,29,,7791,490,,,0,170,,7795,490,,,0,200,,7796,490,,,0,200,,7797,490,,,0,129,,7792,490,,,0,100,,7801,490,,,0,100,,7802,490,,,0,71,,7799,230,,,0,98,,7800,490,,,0,200,,7793,490,,,0
1800,'TM-A26-TM_GTFS-Semaine-02',554,,7803,180,,,0,102,,7812,490,,,0,100,,7804,490,,,0,70,,7808,490,,,0,29,,7805,490,,,0,170,,7809,490,,,0,200,,7810,490,,,0,200,,7811,490,,,0,129,,7806,490,,,0,100,,7815,490,,,0,100,,7816,490,,,0,71,,7813,230,,,0,98,,7814,490,,,0,200,,7807,490,,,0
1800,'TM-A26-TM_GTFS-Week-end-02',724,,7820,490,,,0,100,,7821,490,,,0,100,,7822,490,,,0,399,,7823,490,,,0,201,,7817,490,,,0,100,,7818,490,,,0,100,,7819,490,,,0,299,,7824,490,,,0
2301,'TM-A26-TM_GTFS-Fête-2-02',800,,8377,140,,,0,102,,8380,140,,,0,800,,8378,140,,,0,134,,8379,140,,,0
2301,'TM-A26-TM_GTFS-Semaine-02',800,,8381,140,,,0,102,,8384,140,,,0,356,,8386,140,,,0,200,,8385,140,,,0,244,,8382,140,,,0,134,,8383,140,,,0
2701,'TM-A26-TM_GTFS-Semaine-02',548,,8460,40,,,0,98,,8463,40,,,0,100,,8464,40,,,0,99,,8465,130,,,0,768,,8461,130,,,0,103,,8462,130,,,0,101,,8466,130,,,0
