1400,'TM-A26-TM_GTFS-Fête-1-02',622,,7439,30,,,0,100,,7444,30,,,0,98,,7442,30,,,0,99,,7456,30,,,0,99,,7451,30,,,0,100,,7449,30,,,0,100,,7452,30,,,0,100,,7450,30,,,0,100,,7453,30,,,0,102,,7457,30,,,0,100,,7454,30,,,0,100,,7458,30,,,0,100,,7455,30,,,0,100,,7441,30,,,0,100,,7445,30,,,0,100,,7448,30,,,0,101,,7446,30,,,0,102,,7443,30,,,0,100,,7447,30,,,0,100,,7440,30,,,0
1400,'TM-A26-TM_GTFS-Fête-2-02',509,,7474,30,,,0,30,,7467,30,,,0,70,,7475,30,,,0,30,,7480,30,,,0,67,,7468,30,,,0,32,,7476,30,,,0,70,,7466,30,,,0,34,,7469,30,,,0,70,,7477,30,,,0,32,,7470,30,,,0,100,,7481,30,,,0,100,,7483,30,,,0,100,,7482,30,,,0,100,,7459,30,,,0,100,,7464,30,,,0,101,,7460,30,,,0,70,,7478,30,,,0,30,,7465,30,,,0,70,,7461,30,,,0,30,,7484,30,,,0,72,,7471,30,,,0,30,,7462,30,,,0,102,,7485,30,,,0,101,,7463,30,,,0,100,,7472,30,,,0,102,,7479,30,,,0,101,,7473,30,,,0,99,,7486,30,,,0
1400,'TM-A26-TM_GTFS-Semaine-02',509,,7502,30,,,0,30,,7495,30,,,0,70,,7503,30,,,0,30,,7508,30,,,0,67,,7496,30,,,0,32,,7504,30,,,0,70,,7494,30,,,0,34,,7497,30,,,0,70,,7505,30,,,0,32,,7498,30,,,0,100,,7509,30,,,0,100,,7511,30,,,0,100,,7510,30,,,0,100,,7487,30,,,0,100,,7492,30,,,0,101,,7488,30,,,0,70,,7506,30,,,0,30,,7493,30,,,0,70,,7489,30,,,0,30,,7512,30,,,0,72,,7499,30,,,0,30,,7490,30,,,0,102,,7513,30,,,0,101,,7491,30,,,0,100,,7500,30,,,0,102,,7507,30,,,0,101,,7501,30,,,0,99,,7514,30,,,0
1400,'TM-A26-TM_GTFS-Week-end-02',622,,7515,30,,,0,100,,7520,30,,,0,98,,7518,30,,,0,99,,7532,30,,,0,99,,7527,30,,,0,100,,7525,30,,,0,100,,7528,30,,,0,100,,7526,30,,,0,100,,7529,30,,,0,102,,7533,30,,,0,100,,7530,30,,,0,100,,7534,30,,,0,100,,7531,30,,,0,100,,7517,30,,,0,100,,7521,30,,,0,100,,7524,30,,,0,101,,7522,30,,,0,102,,7519,30,,,0,100,,7523,30,,,0,100,,7516,30,,,0
1701,'TM-A26-TM_GTFS-Fête-1-02',611,,7721,270,,,0,100,,7712,270,,,0,100,,7703,270,,,0,100,,7713,270,,,0,100,,7704,270,,,0,100,,7714,270,,,0,100,,7705,270,,,0,100,,7715,270,,,0,100,,7706,270,,,0,100,,7716,270,,,0,100,,7707,270,,,0,100,,7717,270,,,0,100,,7708,270,,,0,100,,7718,270,,,0,100,,7709,270,,,0,100,,7719,270,,,0,100,,7710,270,,,0,100,,7720,270,,,0,100,,7711,270,,,0
1701,'TM-A26-TM_GTFS-Fête-2-02',510,,7725,270,,,0,100,,7734,270,,,0,94,,7726,270,,,0,106,,7735,270,,,0,100,,7727,270,,,0,100,,7736,270,,,0,100,,7728,270,,,0,100,,7737,270,,,0,100,,7729,270,,,0,100,,7738,270,,,0,100,,7730,270,,,0,100,,7739,270,,,0,104,,7731,270,,,0,99,,7722,270,,,0,95,,7732,270,,,0,100,,7723,270,,,0,100,,7733,270,,,0,100,,7724,270,,,0,100,,7740,270,,,0,100,,7741,270,,,0
1701,'TM-A26-TM_GTFS-Semaine-02',510,,7745,270,,,0,100,,7754,270,,,0,94,,7746,270,,,0,106,,7755,270,,,0,100,,7747,270,,,0,100,,7756,270,,,0,100,,7748,270,,,0,100,,7757,270,,,0,100,,7749,270,,,0,100,,7758,270,,,0,100,,7750,270,,,0,100,,7759,270,,,0,104,,7751,270,,,0,99,,7742,270,,,0,95,,7752,270,,,0,100,,7743,270,,,0,100,,7753,270,,,0,100,,7744,270,,,0,100,,7760,270,,,0,100,,7761,270,,,0
1701,'TM-A26-TM_GTFS-Week-end-02',611,,7780,270,,,0,100,,7771,270,,,0,100,,7762,270,,,0,100,,7772,270,,,0,100,,7763,270,,,0,100,,7773,270,,,0,100,,7764,270,,,0,100,,7774,270,,,0,100,,7765,270,,,0,100,,7775,270,,,0,100,,7766,270,,,0,100,,7776,270,,,0,100,,7767,270,,,0,100,,7777,270,,,0,100,,7768,270,,,0,100,,7778,270,,,0,100,,7769,270,,,0,100,,7779,270,,,0,100,,7770,270,,,0
41700,'TM-A26-TM_GTFS-Fête-2-02',539,,8687,30,,,0,73,,8689,30,,,0,40,,8686,30,,,0,99,,8688,30,,,0
41700,'TM-A26-TM_GTFS-Semaine-02',539,,8691,30,,,0,73,,8693,30,,,0,40,,8690,30,,,0,99,,8692,30,,,0
2000001501,'TM-A26-TM_GTFS-Fête-2-02',702,,8957,50,,,0,110,,8958,50,,,0,90,,8959,50,,,0,315,,8960,50,,,0
2000001501,'TM-A26-TM_GTFS-Semaine-02',702,,8961,50,,,0,110,,8962,50,,,0,90,,8963,50,,,0,315,,8964,50,,,0
2000041700,'TM-A26-TM_GTFS-Fête-2-02',1256,,9059,30,,,0
2000041700,'TM-A26-TM_GTFS-Semaine-02',1256,,9060,30,,,0
