300,'TM-A26-TM_GTFS-Fête-1-02',610,,7047,180,,,0,199,,7048,300,,,0,205,,7049,300,,,0,200,,7050,300,,,0,200,,7051,300,,,0,199,,7052,300,,,0,198,,7053,300,,,0,199,,7054,300,,,0,200,,7055,300,,,0,199,,7056,300,,,0
300,'TM-A26-TM_GTFS-Fête-2-02',516,,7058,180,,,0,96,,7059,300,,,0,30,,7075,300,,,0,71,,7069,300,,,0,30,,7074,300,,,0,71,,7068,300,,,0,100,,7063,300,,,0,201,,7064,300,,,0,200,,7065,300,,,0,130,,7067,300,,,0,105,,7066,300,,,0,97,,7072,300,,,0,68,,7071,300,,,0,30,,7073,300,,,0,70,,7070,300,,,0,97,,7057,300,,,0,128,,7060,300,,,0,100,,7061,300,,,0,269,,7062,300,,,0
300,'TM-A26-TM_GTFS-Semaine-02',516,,7077,180,,,0,96,,7078,300,,,0,30,,7094,300,,,0,71,,7088,300,,,0,30,,7093,300,,,0,71,,7087,300,,,0,100,,7082,300,,,0,201,,7083,300,,,0,200,,7084,300,,,0,130,,7086,300,,,0,105,,7085,300,,,0,97,,7091,300,,,0,68,,7090,300,,,0,30,,7092,300,,,0,70,,7089,300,,,0,97,,7076,300,,,0,128,,7079,300,,,0,100,,7080,300,,,0,269,,7081,300,,,0
300,'TM-A26-TM_GTFS-Week-end-02',610,,7095,180,,,0,199,,7096,300,,,0,205,,7097,300,,,0,200,,7098,300,,,0,200,,7099,300,,,0,199,,7100,300,,,0,198,,7101,300,,,0,199,,7102,300,,,0,200,,7103,300,,,0,199,,7104,300,,,0
2101,'TM-A26-TM_GTFS-Fête-2-02',1622,,8352,390,0,5,0,101,,8351,390,0,5,0,100,,8350,390,0,5,0
2101,'TM-A26-TM_GTFS-Semaine-02',1622,,8355,390,0,5,0,101,,8354,390,0,5,0,100,,8353,390,0,5,0
41700,'TM-A26-TM_GTFS-Fête-2-02',558,,8687,290,,,0,73,,8689,290,,,0,80,,8686,290,,,0,100,,8688,290,,,0
41700,'TM-A26-TM_GTFS-Semaine-02',558,,8691,290,,,0,73,,8693,290,,,0,80,,8690,290,,,0,100,,8692,290,,,0
2000041700,'TM-A26-TM_GTFS-Fête-2-02',1316,,9059,290,,,0
2000041700,'TM-A26-TM_GTFS-Semaine-02',1316,,9060,290,,,0
