200,'TM-A26-TM_GTFS-Fête-1-02',655,,6985,60,,,0,200,,6986,60,,,0,200,,6987,60,,,0,200,,6988,60,,,0,200,,6989,60,,,0,200,,6990,60,,,0,200,,6991,60,,,0,200,,6992,60,,,0,200,,6993,60,,,0,200,,6994,60,0,12,0
200,'TM-A26-TM_GTFS-Fête-2-02',555,,7013,60,,,0,70,,7007,60,,,0,30,,7014,60,,,0,70,,7008,60,,,0,30,,7015,60,,,0,70,,7009,60,,,0,130,,7003,60,,,0,200,,7004,60,,,0,200,,7005,60,0,8 7,0,100,,7002,60,,,0,101,,7011,60,,,0,70,,7010,60,,,0,30,,7012,60,,,0,70,,7006,60,,,0,99,,6995,60,,,0,130,,7001,60,,,0,100,,6998,60,,,0,100,,6997,60,,,0,100,,6999,60,,,0,200,,7000,60,0,12,0
200,'TM-A26-TM_GTFS-Semaine-02',555,,7034,60,,,0,70,,7028,60,,,0,30,,7035,60,,,0,70,,7029,60,,,0,30,,7036,60,,,0,70,,7030,60,,,0,130,,7024,60,,,0,200,,7025,60,,,0,200,,7026,60,0,8 7,0,100,,7023,60,,,0,101,,7032,60,,,0,70,,7031,60,,,0,30,,7033,60,,,0,70,,7027,60,,,0,99,,7016,60,,,0,130,,7022,60,,,0,100,,7019,60,,,0,100,,7018,60,,,0,100,,7020,60,,,0,200,,7021,60,0,12,0
200,'TM-A26-TM_GTFS-Week-end-02',655,,7037,60,,,0,200,,7038,60,,,0,200,,7039,60,,,0,200,,7040,60,,,0,200,,7041,60,,,0,200,,7042,60,,,0,200,,7043,60,,,0,200,,7044,60,,,0,200,,7045,60,,,0,200,,7046,60,0,12,0
400,'TM-A26-TM_GTFS-Fête-2-02',1637,,7109,60,,,0,93,,7105,60,,,0,100,,7106,60,,,0,295,,7107,60,,,0,275,,7108,60,,,0
400,'TM-A26-TM_GTFS-Semaine-02',1637,,7114,60,,,0,93,,7110,60,,,0,100,,7111,60,,,0,295,,7112,60,,,0,275,,7113,60,,,0
401,'TM-A26-TM_GTFS-Fête-2-02',545,,7116,140,,,0,100,,7118,140,,,0,100,,7117,140,,,0,101,,7115,140,,,0,1074,,7119,140,,,0
401,'TM-A26-TM_GTFS-Semaine-02',545,,7121,140,,,0,100,,7123,140,,,0,100,,7122,140,,,0,101,,7120,140,,,0,1074,,7124,140,,,0
800,'TM-A26-TM_GTFS-Fête-1-02',626,,7131,290,,,0,99,,7132,590,,,0,100,,7133,590,,,0,100,,7134,590,,,0,101,,7135,590,,,0,100,,7136,590,,,0,100,,7137,590,,,0,100,,7138,590,,,0,100,,7139,590,,,0,100,,7140,590,,,0,100,,7141,590,,,0,100,,7142,590,,,0,99,,7143,590,,,0,100,,7144,590,,,0,100,,7145,590,,,0,100,,7146,590,,,0,100,,7147,590,,,0,100,,7148,590,,,0,100,,7149,590,,,0
800,'TM-A26-TM_GTFS-Fête-2-02',626,,7162,590,,,0,102,,7157,590,,,0,100,,7153,590,,,0,99,,7154,590,,,0,100,,7160,590,,,0,100,,7161,590,,,0,100,,7151,590,,,0,100,,7152,590,,,0,100,,7158,590,,,0,102,,7163,590,,,0,100,,7159,590,,,0,100,,7155,590,,,0,96,,7156,590,,,0,100,,7164,590,,,0,100,,7165,590,,,0,100,,7166,590,,,0,100,,7167,590,,,0,100,,7168,590,,,0,99,,7169,590,,,0
800,'TM-A26-TM_GTFS-Semaine-02',626,,7182,590,,,0,102,,7177,590,,,0,100,,7173,590,,,0,99,,7174,590,,,0,100,,7180,590,,,0,100,,7181,590,,,0,100,,7171,590,,,0,100,,7172,590,,,0,100,,7178,590,,,0,102,,7183,590,,,0,100,,7179,590,,,0,100,,7175,590,,,0,96,,7176,590,,,0,100,,7184,590,,,0,100,,7185,590,,,0,100,,7186,590,,,0,100,,7187,590,,,0,100,,7188,590,,,0,99,,7189,590,,,0
800,'TM-A26-TM_GTFS-Week-end-02',626,,7191,290,,,0,99,,7192,590,,,0,100,,7193,590,,,0,100,,7194,590,,,0,101,,7195,590,,,0,100,,7196,590,,,0,100,,7197,590,,,0,100,,7198,590,,,0,100,,7199,590,,,0,100,,7200,590,,,0,100,,7201,590,,,0,100,,7202,590,,,0,99,,7203,590,,,0,100,,7204,590,,,0,100,,7205,590,,,0,100,,7206,590,,,0,100,,7207,590,,,0,100,,7208,590,,,0,100,,7209,590,,,0
1100,'TM-A26-TM_GTFS-Fête-1-02',554,,7251,60,,,0,100,,7261,60,,,0,100,,7252,60,,,0,100,,7253,60,,,0,100,,7262,60,,,0,101,,7254,60,,,0,100,,7263,60,,,0,100,,7255,60,,,0,100,,7264,60,,,0,100,,7256,60,,,0,100,,7265,60,,,0,100,,7257,60,,,0,100,,7266,60,,,0,100,,7258,60,,,0,100,,7267,60,,,0,100,,7259,60,,,0,100,,7268,60,,,0,100,,7260,60,,,0,100,,7269,60,,,0,100,,7270,60,,,0
1100,'TM-A26-TM_GTFS-Fête-2-02',524,,7271,60,,,0,30,,7293,60,,,0,70,,7282,60,,,0,30,,7278,60,,,0,70,,7272,60,,,0,30,,7294,60,,,0,70,,7283,60,,,0,30,,7286,60,,,0,100,,7290,60,,,0,100,,7287,60,,,0,100,,7291,60,,,0,100,,7288,60,,,0,101,,7292,60,,,0,100,,7299,60,,,0,70,,7279,60,,,0,30,,7281,60,,,0,70,,7284,60,,,0,30,,7273,60,,,0,70,,7280,60,,,0,30,,7295,60,,,0,70,,7285,60,,,0,30,,7274,60,,,0,69,,7289,60,,,0,30,,7296,60,,,0,100,,7275,60,,,0,100,,7297,60,,,0,100,,7276,60,,,0,100,,7298,60,,,0,100,,7277,60,,,0
1100,'TM-A26-TM_GTFS-Semaine-02',524,,7300,60,,,0,30,,7322,60,,,0,70,,7311,60,,,0,30,,7307,60,,,0,70,,7301,60,,,0,30,,7323,60,,,0,70,,7312,60,,,0,30,,7315,60,,,0,100,,7319,60,,,0,100,,7316,60,,,0,100,,7320,60,,,0,100,,7317,60,,,0,101,,7321,60,,,0,100,,7328,60,,,0,70,,7308,60,,,0,30,,7310,60,,,0,70,,7313,60,,,0,30,,7302,60,,,0,70,,7309,60,,,0,30,,7324,60,,,0,70,,7314,60,,,0,30,,7303,60,,,0,69,,7318,60,,,0,30,,7325,60,,,0,100,,7304,60,,,0,100,,7326,60,,,0,100,,7305,60,,,0,100,,7327,60,,,0,100,,7306,60,,,0
1100,'TM-A26-TM_GTFS-Week-end-02',554,,7329,60,,,0,100,,7339,60,,,0,100,,7330,60,,,0,100,,7331,60,,,0,100,,7340,60,,,0,101,,7332,60,,,0,100,,7341,60,,,0,100,,7333,60,,,0,100,,7342,60,,,0,100,,7334,60,,,0,100,,7343,60,,,0,100,,7335,60,,,0,100,,7344,60,,,0,100,,7336,60,,,0,100,,7345,60,,,0,100,,7337,60,,,0,100,,7346,60,,,0,100,,7338,60,,,0,100,,7347,60,,,0,100,,7348,60,,,0
2000,'TM-A26-TM_GTFS-Fête-1-02',655,,8171,60,,,0,100,,8172,60,,,0,100,,8173,60,,,0,100,,8162,60,,,0,100,,8163,60,,,0,100,,8164,60,,,0,100,,8165,60,,,0,100,,8166,60,,,0,100,,8167,60,,,0,100,,8168,60,,,0,100,,8169,60,,,0,100,,8170,60,,,0,100,,8174,60,,,0,100,,8175,60,,,0,100,,8176,60,,,0,100,,8177,60,,,0,100,,8178,60,,,0,100,,8179,60,,,0,100,,8180,60,,,0
2000,'TM-A26-TM_GTFS-Fête-2-02',555,,8187,60,,,0,70,,8182,60,,,0,30,,8188,60,,,0,70,,8206,60,,,0,30,,8189,60,,,0,70,,8204,60,,,0,30,,8190,60,,,0,100,,8191,60,,,0,100,,8192,60,,,0,100,,8193,60,,,0,100,,8197,60,,,0,100,,8181,60,,,0,100,,8196,60,,,0,100,,8183,60,,,0,70,,8185,60,,,0,30,,8184,60,,,0,70,,8203,60,,,0,30,,8194,60,,,0,70,,8205,60,,,0,30,,8186,60,,,0,100,,8195,60,,,0,100,,8198,60,,,0,100,,8199,60,,,0,100,,8200,60,,,0,100,,8201,60,,,0,100,,8202,60,,,0
2000,'TM-A26-TM_GTFS-Semaine-02',555,,8213,60,,,0,70,,8208,60,,,0,30,,8214,60,,,0,70,,8232,60,,,0,30,,8215,60,,,0,70,,8230,60,,,0,30,,8216,60,,,0,100,,8217,60,,,0,100,,8218,60,,,0,100,,8219,60,,,0,100,,8223,60,,,0,100,,8207,60,,,0,100,,8222,60,,,0,100,,8209,60,,,0,70,,8211,60,,,0,30,,8210,60,,,0,70,,8229,60,,,0,30,,8220,60,,,0,70,,8231,60,,,0,30,,8212,60,,,0,100,,8221,60,,,0,100,,8224,60,,,0,100,,8225,60,,,0,100,,8226,60,,,0,100,,8227,60,,,0,100,,8228,60,,,0
2000,'TM-A26-TM_GTFS-Week-end-02',655,,8242,60,,,0,100,,8243,60,,,0,100,,8244,60,,,0,100,,8233,60,,,0,100,,8234,60,,,0,100,,8235,60,,,0,100,,8236,60,,,0,100,,8237,60,,,0,100,,8238,60,,,0,100,,8239,60,,,0,100,,8240,60,,,0,100,,8241,60,,,0,100,,8245,60,,,0,100,,8246,60,,,0,100,,8247,60,,,0,100,,8248,60,,,0,100,,8249,60,,,0,100,,8250,60,,,0,100,,8251,60,,,0
2100,'TM-A26-TM_GTFS-Fête-2-02',654,,8342,60,0,5,0,100,,8344,60,0,5,0,100,,8345,60,0,5,0
2100,'TM-A26-TM_GTFS-Semaine-02',654,,8346,60,0,5,0,100,,8348,60,0,5,0,100,,8349,60,0,5,0
2101,'TM-A26-TM_GTFS-Fête-2-02',1555,,8352,60,0,5,0,100,,8351,60,0,5,0,100,,8350,60,0,5,0
2101,'TM-A26-TM_GTFS-Semaine-02',1555,,8355,60,0,5,0,100,,8354,60,0,5,0,100,,8353,60,0,5,0
2700,'TM-A26-TM_GTFS-Semaine-02',719,,8458,60,,,0,100,,8453,60,,,0,706,,8456,60,,,0,100,,8457,60,,,0,100,,8455,60,,,0,100,,8454,60,,,0,100,,8459,60,,,0
