1101,'TM-A26-TM_GTFS-Fête-1-01',607,,5179,160,,,0,100,,5169,160,,,0,100,,5180,160,,,0,101,,5170,160,,,0,100,,5171,160,,,0,100,,5181,160,,,0,100,,5172,160,,,0,100,,5182,160,,,0,100,,5173,160,,,0,100,,5183,160,,,0,100,,5174,160,,,0,100,,5184,160,,,0,100,,5175,160,,,0,100,,5185,160,,,0,100,,5176,160,,,0,99,,5186,160,,,0,100,,5177,160,,,0,100,,5187,160,,,0,100,,5178,160,,,0
1101,'TM-A26-TM_GTFS-Fête-2-01',536,,5197,50,,,0,70,,5193,160,,,0,30,,5188,160,,,0,70,,5208,160,,,0,30,,5198,160,,,0,70,,5201,160,,,0,100,,5209,160,,,0,97,,5202,160,,,0,102,,5205,160,,,0,100,,5203,160,,,0,100,,5206,160,,,0,100,,5204,160,,,0,97,,5207,160,,,0,30,,5199,160,,,0,73,,5213,160,,,0,30,,5194,160,,,0,72,,5196,160,,,0,29,,5200,160,,,0,70,,5189,160,,,0,29,,5195,160,,,0,72,,5210,160,,,0,103,,5190,160,,,0,99,,5211,160,,,0,101,,5191,160,,,0,99,,5212,160,,,0,101,,5192,160,,,0
1101,'TM-A26-TM_GTFS-Semaine-01',536,,5223,50,,,0,70,,5219,160,,,0,30,,5214,160,,,0,70,,5234,160,,,0,30,,5224,160,,,0,70,,5227,160,,,0,100,,5235,160,,,0,97,,5228,160,,,0,102,,5231,160,,,0,100,,5229,160,,,0,100,,5232,160,,,0,100,,5230,160,,,0,97,,5233,160,,,0,30,,5225,160,,,0,73,,5239,160,,,0,30,,5220,160,,,0,72,,5222,160,,,0,29,,5226,160,,,0,70,,5215,160,,,0,29,,5221,160,,,0,72,,5236,160,,,0,103,,5216,160,,,0,99,,5237,160,,,0,101,,5217,160,,,0,99,,5238,160,,,0,101,,5218,160,,,0
1101,'TM-A26-TM_GTFS-Week-end-01',607,,5250,160,,,0,100,,5240,160,,,0,100,,5251,160,,,0,101,,5241,160,,,0,100,,5242,160,,,0,100,,5252,160,,,0,100,,5243,160,,,0,100,,5253,160,,,0,100,,5244,160,,,0,100,,5254,160,,,0,100,,5245,160,,,0,100,,5255,160,,,0,100,,5246,160,,,0,100,,5256,160,,,0,100,,5247,160,,,0,99,,5257,160,,,0,100,,5248,160,,,0,100,,5258,160,,,0,100,,5249,160,,,0
4001,'TM-A26-TM_GTFS-Fête-1-01',816,,6440,180,,,0,402,,6441,180,,,0,498,,6442,180,,,0
4001,'TM-A26-TM_GTFS-Week-end-01',816,,6443,180,,,0,402,,6444,180,,,0,498,,6445,180,,,0
14000,'TM-A26-TM_GTFS-Fête-2-01',534,,6462,240,,,0,80,,6454,240,,,0,20,,6456,240,,,0,20,,6465,240,,,0,60,,6452,240,,,0,20,,6461,240,,,0,25,,6463,240,,,0,71,,6460,240,,,0,386,,6464,240,,,0,108,,6458,240,,,0,219,,6457,240,,,0,189,,6455,240,,,0,175,,6459,240,,,0,293,,6453,240,,,0
14000,'TM-A26-TM_GTFS-Semaine-01',534,,6476,240,,,0,80,,6468,240,,,0,20,,6470,240,,,0,20,,6479,240,,,0,60,,6466,240,,,0,20,,6475,240,,,0,25,,6477,240,,,0,71,,6474,240,,,0,386,,6478,240,,,0,108,,6472,240,,,0,219,,6471,240,,,0,189,,6469,240,,,0,175,,6473,240,,,0,293,,6467,240,,,0
2000001200,'TM-A26-TM_GTFS-Fête-2-01',1231,,6739,60,,,0,390,,6740,60,,,0,215,,6741,60,,,0
2000001200,'TM-A26-TM_GTFS-Semaine-01',1231,,6742,60,,,0,390,,6743,60,,,0,215,,6744,60,,,0
