1100,'TM-A26-TM_GTFS-Fête-1-02',618,,7251,410,,,0,100,,7261,410,,,0,100,,7252,410,,,0,100,,7253,410,,,0,100,,7262,410,,,0,101,,7254,410,,,0,100,,7263,410,,,0,100,,7255,410,,,0,100,,7264,410,,,0,100,,7256,410,,,0,100,,7265,410,,,0,100,,7257,410,,,0,100,,7266,410,,,0,100,,7258,410,,,0,100,,7267,410,,,0,99,,7259,410,,,0,100,,7268,410,,,0,100,,7260,410,,,0,100,,7269,410,,,0,100,,7270,410,,,0
1100,'TM-A26-TM_GTFS-Fête-2-02',547,,7271,410,,,0,70,,7293,410,,,0,30,,7282,410,,,0,70,,7278,410,,,0,30,,7272,410,,,0,70,,7294,410,,,0,30,,7283,410,,,0,71,,7286,410,,,0,100,,7290,410,,,0,100,,7287,410,,,0,100,,7291,410,,,0,100,,7288,410,,,0,101,,7292,410,,,0,100,,7299,410,,,0,30,,7279,410,,,0,70,,7281,410,,,0,30,,7284,410,,,0,70,,7273,410,,,0,30,,7280,410,,,0,70,,7295,410,,,0,30,,7285,410,,,0,69,,7274,410,,,0,28,,7289,410,,,0,70,,7296,410,,,0,100,,7275,410,,,0,100,,7297,410,,,0,100,,7276,410,,,0,100,,7298,410,,,0,100,,7277,410,,,0
1100,'TM-A26-TM_GTFS-Semaine-02',547,,7300,410,,,0,70,,7322,410,,,0,30,,7311,410,,,0,70,,7307,410,,,0,30,,7301,410,,,0,70,,7323,410,,,0,30,,7312,410,,,0,71,,7315,410,,,0,100,,7319,410,,,0,100,,7316,410,,,0,100,,7320,410,,,0,100,,7317,410,,,0,101,,7321,410,,,0,100,,7328,410,,,0,30,,7308,410,,,0,70,,7310,410,,,0,30,,7313,410,,,0,70,,7302,410,,,0,30,,7309,410,,,0,70,,7324,410,,,0,30,,7314,410,,,0,69,,7303,410,,,0,28,,7318,410,,,0,70,,7325,410,,,0,100,,7304,410,,,0,100,,7326,410,,,0,100,,7305,410,,,0,100,,7327,410,,,0,100,,7306,410,,,0
1100,'TM-A26-TM_GTFS-Week-end-02',618,,7329,410,,,0,100,,7339,410,,,0,100,,7330,410,,,0,100,,7331,410,,,0,100,,7340,410,,,0,101,,7332,410,,,0,100,,7341,410,,,0,100,,7333,410,,,0,100,,7342,410,,,0,100,,7334,410,,,0,100,,7343,410,,,0,100,,7335,410,,,0,100,,7344,410,,,0,100,,7336,410,,,0,100,,7345,410,,,0,99,,7337,410,,,0,100,,7346,410,,,0,100,,7338,410,,,0,100,,7347,410,,,0,100,,7348,410,,,0
4000,'TM-A26-TM_GTFS-Fête-1-02',718,,8614,130,,,0,396,,8615,130,,,0,500,,8616,130,,,0
4000,'TM-A26-TM_GTFS-Week-end-02',718,,8617,130,,,0,396,,8618,130,,,0,500,,8619,130,,,0
14001,'TM-A26-TM_GTFS-Fête-2-02',639,,8671,80,,,0,106,,8666,80,,,0,97,,8670,80,,,0,470,,8668,80,,,0,208,,8663,80,,,0,97,,8667,80,,,0,42,,8665,80,,,0,67,,8669,80,,,0,30,,8672,80,,,0,80,,8660,80,,,0,70,,8664,80,,,0,96,,8661,80,,,0,252,,8662,80,,,0
14001,'TM-A26-TM_GTFS-Semaine-02',639,,8684,80,,,0,106,,8679,80,,,0,97,,8683,80,,,0,470,,8681,80,,,0,208,,8676,80,,,0,97,,8680,80,,,0,42,,8678,80,,,0,67,,8682,80,,,0,30,,8685,80,,,0,80,,8673,80,,,0,70,,8677,80,,,0,96,,8674,80,,,0,252,,8675,80,,,0
2000001201,'TM-A26-TM_GTFS-Fête-2-02',806,,8925,60,,,0,100,,8926,60,,,0,315,,8927,60,,,0
2000001201,'TM-A26-TM_GTFS-Semaine-02',806,,8928,60,,,0,100,,8929,60,,,0,315,,8930,60,,,0
