200,'TM-A26-TM_GTFS-Fête-1-02',654,,6985,40,,,0,200,,6986,40,,,0,200,,6987,40,,,0,200,,6988,40,,,0,200,,6989,40,,,0,200,,6990,40,,,0,200,,6991,40,,,0,200,,6992,40,,,0,200,,6993,40,,,0,200,,6994,40,0,12,0
200,'TM-A26-TM_GTFS-Fête-2-02',554,,7013,40,,,0,70,,7007,40,,,0,30,,7014,40,,,0,70,,7008,40,,,0,30,,7015,40,,,0,70,,7009,40,,,0,130,,7003,40,,,0,200,,7004,40,,,0,200,,7005,40,0,8 7,0,101,,7002,40,,,0,100,,7011,40,,,0,70,,7010,40,,,0,30,,7012,40,,,0,70,,7006,40,,,0,100,,6995,40,,,0,130,,7001,40,,,0,99,,6998,40,,,0,100,,6997,40,,,0,100,,6999,40,,,0,200,,7000,40,0,12,0
200,'TM-A26-TM_GTFS-Semaine-02',554,,7034,40,,,0,70,,7028,40,,,0,30,,7035,40,,,0,70,,7029,40,,,0,30,,7036,40,,,0,70,,7030,40,,,0,130,,7024,40,,,0,200,,7025,40,,,0,200,,7026,40,0,8 7,0,101,,7023,40,,,0,100,,7032,40,,,0,70,,7031,40,,,0,30,,7033,40,,,0,70,,7027,40,,,0,100,,7016,40,,,0,130,,7022,40,,,0,99,,7019,40,,,0,100,,7018,40,,,0,100,,7020,40,,,0,200,,7021,40,0,12,0
200,'TM-A26-TM_GTFS-Week-end-02',654,,7037,40,,,0,200,,7038,40,,,0,200,,7039,40,,,0,200,,7040,40,,,0,200,,7041,40,,,0,200,,7042,40,,,0,200,,7043,40,,,0,200,,7044,40,,,0,200,,7045,40,,,0,200,,7046,40,0,12,0
400,'TM-A26-TM_GTFS-Fête-2-02',1636,,7109,40,,,0,93,,7105,40,,,0,100,,7106,40,,,0,295,,7107,40,,,0,235,,7108,40,,,0
400,'TM-A26-TM_GTFS-Semaine-02',1636,,7114,40,,,0,93,,7110,40,,,0,100,,7111,40,,,0,295,,7112,40,,,0,235,,7113,40,,,0
401,'TM-A26-TM_GTFS-Fête-2-02',544,,7116,120,,,0,100,,7118,120,,,0,100,,7117,120,,,0,101,,7115,120,,,0,1074,,7119,120,,,0
401,'TM-A26-TM_GTFS-Semaine-02',544,,7121,120,,,0,100,,7123,120,,,0,100,,7122,120,,,0,101,,7120,120,,,0,1074,,7124,120,,,0
800,'TM-A26-TM_GTFS-Fête-1-02',625,,7131,270,,,0,99,,7132,570,,,0,100,,7133,570,,,0,100,,7134,570,,,0,101,,7135,570,,,0,100,,7136,570,,,0,100,,7137,570,,,0,100,,7138,570,,,0,100,,7139,570,,,0,100,,7140,570,,,0,100,,7141,570,,,0,100,,7142,570,,,0,99,,7143,570,,,0,100,,7144,570,,,0,100,,7145,570,,,0,100,,7146,570,,,0,100,,7147,570,,,0,100,,7148,570,,,0,100,,7149,570,,,0
800,'TM-A26-TM_GTFS-Fête-2-02',625,,7162,570,,,0,102,,7157,570,,,0,100,,7153,570,,,0,99,,7154,570,,,0,100,,7160,570,,,0,100,,7161,570,,,0,100,,7151,570,,,0,100,,7152,570,,,0,100,,7158,570,,,0,102,,7163,570,,,0,100,,7159,570,,,0,100,,7155,570,,,0,96,,7156,570,,,0,100,,7164,570,,,0,100,,7165,570,,,0,100,,7166,570,,,0,100,,7167,570,,,0,100,,7168,570,,,0,99,,7169,570,,,0
800,'TM-A26-TM_GTFS-Semaine-02',625,,7182,570,,,0,102,,7177,570,,,0,100,,7173,570,,,0,99,,7174,570,,,0,100,,7180,570,,,0,100,,7181,570,,,0,100,,7171,570,,,0,100,,7172,570,,,0,100,,7178,570,,,0,102,,7183,570,,,0,100,,7179,570,,,0,100,,7175,570,,,0,96,,7176,570,,,0,100,,7184,570,,,0,100,,7185,570,,,0,100,,7186,570,,,0,100,,7187,570,,,0,100,,7188,570,,,0,99,,7189,570,,,0
800,'TM-A26-TM_GTFS-Week-end-02',625,,7191,270,,,0,99,,7192,570,,,0,100,,7193,570,,,0,100,,7194,570,,,0,101,,7195,570,,,0,100,,7196,570,,,0,100,,7197,570,,,0,100,,7198,570,,,0,100,,7199,570,,,0,100,,7200,570,,,0,100,,7201,570,,,0,100,,7202,570,,,0,99,,7203,570,,,0,100,,7204,570,,,0,100,,7205,570,,,0,100,,7206,570,,,0,100,,7207,570,,,0,100,,7208,570,,,0,100,,7209,570,,,0
1100,'TM-A26-TM_GTFS-Fête-1-02',553,,7251,40,,,0,100,,7261,40,,,0,100,,7252,40,,,0,100,,7253,40,,,0,100,,7262,40,,,0,101,,7254,40,,,0,100,,7263,40,,,0,100,,7255,40,,,0,100,,7264,40,,,0,100,,7256,40,,,0,100,,7265,40,,,0,100,,7257,40,,,0,100,,7266,40,,,0,100,,7258,40,,,0,100,,7267,40,,,0,100,,7259,40,,,0,100,,7268,40,,,0,100,,7260,40,,,0,100,,7269,40,,,0,100,,7270,40,,,0
1100,'TM-A26-TM_GTFS-Fête-2-02',523,,7271,40,,,0,30,,7293,40,,,0,70,,7282,40,,,0,30,,7278,40,,,0,70,,7272,40,,,0,30,,7294,40,,,0,70,,7283,40,,,0,31,,7286,40,,,0,100,,7290,40,,,0,100,,7287,40,,,0,100,,7291,40,,,0,100,,7288,40,,,0,101,,7292,40,,,0,100,,7299,40,,,0,70,,7279,40,,,0,30,,7281,40,,,0,70,,7284,40,,,0,30,,7273,40,,,0,70,,7280,40,,,0,30,,7295,40,,,0,70,,7285,40,,,0,29,,7274,40,,,0,69,,7289,40,,,0,30,,7296,40,,,0,100,,7275,40,,,0,100,,7297,40,,,0,100,,7276,40,,,0,100,,7298,40,,,0,100,,7277,40,,,0
1100,'TM-A26-TM_GTFS-Semaine-02',523,,7300,40,,,0,30,,7322,40,,,0,70,,7311,40,,,0,30,,7307,40,,,0,70,,7301,40,,,0,30,,7323,40,,,0,70,,7312,40,,,0,31,,7315,40,,,0,100,,7319,40,,,0,100,,7316,40,,,0,100,,7320,40,,,0,100,,7317,40,,,0,101,,7321,40,,,0,100,,7328,40,,,0,70,,7308,40,,,0,30,,7310,40,,,0,70,,7313,40,,,0,30,,7302,40,,,0,70,,7309,40,,,0,30,,7324,40,,,0,70,,7314,40,,,0,29,,7303,40,,,0,69,,7318,40,,,0,30,,7325,40,,,0,100,,7304,40,,,0,100,,7326,40,,,0,100,,7305,40,,,0,100,,7327,40,,,0,100,,7306,40,,,0
1100,'TM-A26-TM_GTFS-Week-end-02',553,,7329,40,,,0,100,,7339,40,,,0,100,,7330,40,,,0,100,,7331,40,,,0,100,,7340,40,,,0,101,,7332,40,,,0,100,,7341,40,,,0,100,,7333,40,,,0,100,,7342,40,,,0,100,,7334,40,,,0,100,,7343,40,,,0,100,,7335,40,,,0,100,,7344,40,,,0,100,,7336,40,,,0,100,,7345,40,,,0,100,,7337,40,,,0,100,,7346,40,,,0,100,,7338,40,,,0,100,,7347,40,,,0,100,,7348,40,,,0
2000,'TM-A26-TM_GTFS-Fête-1-02',654,,8171,40,,,0,100,,8172,40,,,0,100,,8173,40,,,0,100,,8162,40,,,0,100,,8163,40,,,0,100,,8164,40,,,0,100,,8165,40,,,0,100,,8166,40,,,0,100,,8167,40,,,0,100,,8168,40,,,0,100,,8169,40,,,0,100,,8170,40,,,0,100,,8174,40,,,0,100,,8175,40,,,0,100,,8176,40,,,0,100,,8177,40,,,0,100,,8178,40,,,0,100,,8179,40,,,0,100,,8180,40,,,0
2000,'TM-A26-TM_GTFS-Fête-2-02',554,,8187,40,,,0,70,,8182,40,,,0,30,,8188,40,,,0,70,,8206,40,,,0,30,,8189,40,,,0,70,,8204,40,,,0,30,,8190,40,,,0,100,,8191,40,,,0,100,,8192,40,,,0,100,,8193,40,,,0,101,,8197,40,,,0,100,,8181,40,,,0,100,,8196,40,,,0,100,,8183,40,,,0,70,,8185,40,,,0,30,,8184,40,,,0,69,,8203,40,,,0,30,,8194,40,,,0,70,,8205,40,,,0,30,,8186,40,,,0,100,,8195,40,,,0,100,,8198,40,,,0,100,,8199,40,,,0,100,,8200,40,,,0,100,,8201,40,,,0,100,,8202,40,,,0
2000,'TM-A26-TM_GTFS-Semaine-02',554,,8213,40,,,0,70,,8208,40,,,0,30,,8214,40,,,0,70,,8232,40,,,0,30,,8215,40,,,0,70,,8230,40,,,0,30,,8216,40,,,0,100,,8217,40,,,0,100,,8218,40,,,0,100,,8219,40,,,0,101,,8223,40,,,0,100,,8207,40,,,0,100,,8222,40,,,0,100,,8209,40,,,0,70,,8211,40,,,0,30,,8210,40,,,0,69,,8229,40,,,0,30,,8220,40,,,0,70,,8231,40,,,0,30,,8212,40,,,0,100,,8221,40,,,0,100,,8224,40,,,0,100,,8225,40,,,0,100,,8226,40,,,0,100,,8227,40,,,0,100,,8228,40,,,0
2000,'TM-A26-TM_GTFS-Week-end-02',654,,8242,40,,,0,100,,8243,40,,,0,100,,8244,40,,,0,100,,8233,40,,,0,100,,8234,40,,,0,100,,8235,40,,,0,100,,8236,40,,,0,100,,8237,40,,,0,100,,8238,40,,,0,100,,8239,40,,,0,100,,8240,40,,,0,100,,8241,40,,,0,100,,8245,40,,,0,100,,8246,40,,,0,100,,8247,40,,,0,100,,8248,40,,,0,100,,8249,40,,,0,100,,8250,40,,,0,100,,8251,40,,,0
2100,'TM-A26-TM_GTFS-Fête-2-02',653,,8342,40,0,5,0,100,,8344,40,0,5,0,100,,8345,40,0,5,0
2100,'TM-A26-TM_GTFS-Semaine-02',653,,8346,40,0,5,0,100,,8348,40,0,5,0,100,,8349,40,0,5,0
2101,'TM-A26-TM_GTFS-Fête-2-02',1554,,8352,40,0,5,0,100,,8351,40,0,5,0,100,,8350,40,0,5,0
2101,'TM-A26-TM_GTFS-Semaine-02',1554,,8355,40,0,5,0,100,,8354,40,0,5,0,100,,8353,40,0,5,0
2700,'TM-A26-TM_GTFS-Semaine-02',718,,8458,40,,,0,100,,8453,40,,,0,706,,8456,40,,,0,100,,8457,40,,,0,100,,8455,40,,,0,100,,8454,40,,,0,100,,8459,40,,,0
