200,'TM-A26-TM_GTFS-Fête-1-02',659,,6985,120,,,0,242,,6986,120,,,0,200,,6987,120,,,0,200,,6988,120,,,0,200,,6989,120,,,0,158,,6990,120,,,0,200,,6991,120,,,0,200,,6992,120,,,0,200,,6993,120,,,0,200,,6994,120,0,12,0
200,'TM-A26-TM_GTFS-Fête-2-02',559,,7013,120,,,0,70,,7007,120,,,0,30,,7014,120,,,0,71,,7008,120,,,0,70,,7015,120,,,0,30,,7009,120,,,0,170,,7003,120,,,0,200,,7004,120,,,0,200,,7005,120,0,8 7,0,101,,7002,120,,,0,101,,7011,120,,,0,30,,7010,120,,,0,70,,7012,120,,,0,30,,7006,120,,,0,99,,6995,120,,,0,170,,7001,120,,,0,58,,6998,120,,,0,100,,6997,120,,,0,100,,6999,120,,,0,199,,7000,120,0,12,0
200,'TM-A26-TM_GTFS-Semaine-02',559,,7034,120,,,0,70,,7028,120,,,0,30,,7035,120,,,0,71,,7029,120,,,0,70,,7036,120,,,0,30,,7030,120,,,0,170,,7024,120,,,0,200,,7025,120,,,0,200,,7026,120,0,8 7,0,101,,7023,120,,,0,101,,7032,120,,,0,30,,7031,120,,,0,70,,7033,120,,,0,30,,7027,120,,,0,99,,7016,120,,,0,170,,7022,120,,,0,58,,7019,120,,,0,100,,7018,120,,,0,100,,7020,120,,,0,199,,7021,120,0,12,0
200,'TM-A26-TM_GTFS-Week-end-02',659,,7037,120,,,0,242,,7038,120,,,0,200,,7039,120,,,0,200,,7040,120,,,0,200,,7041,120,,,0,158,,7042,120,,,0,200,,7043,120,,,0,200,,7044,120,,,0,200,,7045,120,,,0,200,,7046,120,0,12,0
2000,'TM-A26-TM_GTFS-Fête-1-02',659,,8171,120,,,0,100,,8172,120,,,0,141,,8173,120,,,0,100,,8162,120,,,0,100,,8163,120,,,0,100,,8164,120,,,0,100,,8165,120,,,0,100,,8166,120,,,0,100,,8167,120,,,0,100,,8168,120,,,0,100,,8169,120,,,0,100,,8170,120,,,0,100,,8174,120,,,0,100,,8175,120,,,0,100,,8176,120,,,0,100,,8177,120,,,0,59,,8178,120,,,0,100,,8179,120,,,0,100,,8180,120,,,0
2000,'TM-A26-TM_GTFS-Fête-2-02',600,,8187,120,,,0,30,,8182,120,,,0,70,,8188,120,,,0,30,,8206,120,,,0,70,,8189,120,,,0,30,,8204,120,,,0,70,,8190,120,,,0,100,,8191,120,,,0,100,,8192,120,,,0,100,,8193,120,,,0,101,,8197,120,,,0,100,,8181,120,,,0,100,,8196,120,,,0,100,,8183,120,,,0,30,,8185,120,,,0,70,,8184,120,,,0,29,,8203,120,,,0,70,,8194,120,,,0,30,,8205,120,,,0,70,,8186,120,,,0,100,,8195,120,,,0,100,,8198,120,,,0,100,,8199,120,,,0,59,,8200,120,,,0,100,,8201,120,,,0,100,,8202,120,,,0
2000,'TM-A26-TM_GTFS-Semaine-02',600,,8213,120,,,0,30,,8208,120,,,0,70,,8214,120,,,0,30,,8232,120,,,0,70,,8215,120,,,0,30,,8230,120,,,0,70,,8216,120,,,0,100,,8217,120,,,0,100,,8218,120,,,0,100,,8219,120,,,0,101,,8223,120,,,0,100,,8207,120,,,0,100,,8222,120,,,0,100,,8209,120,,,0,30,,8211,120,,,0,70,,8210,120,,,0,29,,8229,120,,,0,70,,8220,120,,,0,30,,8231,120,,,0,70,,8212,120,,,0,100,,8221,120,,,0,100,,8224,120,,,0,100,,8225,120,,,0,59,,8226,120,,,0,100,,8227,120,,,0,100,,8228,120,,,0
2000,'TM-A26-TM_GTFS-Week-end-02',659,,8242,120,,,0,100,,8243,120,,,0,141,,8244,120,,,0,100,,8233,120,,,0,100,,8234,120,,,0,100,,8235,120,,,0,100,,8236,120,,,0,100,,8237,120,,,0,100,,8238,120,,,0,100,,8239,120,,,0,100,,8240,120,,,0,100,,8241,120,,,0,100,,8245,120,,,0,100,,8246,120,,,0,100,,8247,120,,,0,100,,8248,120,,,0,59,,8249,120,,,0,100,,8250,120,,,0,100,,8251,120,,,0
2100,'TM-A26-TM_GTFS-Fête-2-02',659,,8342,120,0,5,0,100,,8344,120,0,5,0,100,,8345,120,0,5,0
2100,'TM-A26-TM_GTFS-Semaine-02',659,,8346,120,0,5,0,100,,8348,120,0,5,0,100,,8349,120,0,5,0
2101,'TM-A26-TM_GTFS-Fête-2-02',1601,,8352,120,0,5,0,100,,8351,120,0,5,0,100,,8350,120,0,5,0
2101,'TM-A26-TM_GTFS-Semaine-02',1601,,8355,120,0,5,0,100,,8354,120,0,5,0,100,,8353,120,0,5,0
2700,'TM-A26-TM_GTFS-Semaine-02',724,,8458,120,,,0,100,,8453,120,,,0,706,,8456,120,,,0,101,,8457,120,,,0,100,,8455,120,,,0,99,,8454,120,,,0,100,,8459,120,,,0
