300,'TM-A26-TM_GTFS-Fête-1-01',756,,4868,50,,,0,202,,4869,50,,,0,200,,4870,50,,,0,200,,4871,50,,,0,200,,4872,50,,,0,199,,4873,50,,,0,199,,4874,50,,,0,200,,4875,50,,,0,200,,4876,50,,,0
300,'TM-A26-TM_GTFS-Fête-2-01',558,,4879,50,,,0,70,,4895,50,,,0,30,,4889,50,,,0,70,,4894,50,,,0,30,,4888,50,,,0,100,,4883,50,,,0,201,,4884,50,,,0,200,,4885,50,,,0,170,,4887,50,,,0,105,,4886,50,,,0,96,,4892,50,,,0,29,,4891,50,,,0,70,,4893,50,,,0,30,,4890,50,,,0,99,,4877,50,,,0,168,,4880,50,,,0,100,,4881,50,,,0,230,,4882,50,,,0
300,'TM-A26-TM_GTFS-Semaine-01',558,,4898,50,,,0,70,,4914,50,,,0,30,,4908,50,,,0,70,,4913,50,,,0,30,,4907,50,,,0,100,,4902,50,,,0,201,,4903,50,,,0,200,,4904,50,,,0,170,,4906,50,,,0,105,,4905,50,,,0,96,,4911,50,,,0,29,,4910,50,,,0,70,,4912,50,,,0,30,,4909,50,,,0,99,,4896,50,,,0,168,,4899,50,,,0,100,,4900,50,,,0,230,,4901,50,,,0
300,'TM-A26-TM_GTFS-Week-end-01',756,,4916,50,,,0,202,,4917,50,,,0,200,,4918,50,,,0,200,,4919,50,,,0,200,,4920,50,,,0,199,,4921,50,,,0,199,,4922,50,,,0,200,,4923,50,,,0,200,,4924,50,,,0
1401,'TM-A26-TM_GTFS-Fête-1-01',754,,5360,50,,,0,103,,5357,50,,,0,101,,5371,50,,,0,100,,5367,50,,,0,100,,5365,50,,,0,100,,5368,50,,,0,101,,5366,50,,,0,99,,5369,50,,,0,100,,5372,50,,,0,100,,5370,50,,,0,100,,5355,50,,,0,99,,5358,50,,,0,100,,5356,50,,,0,100,,5361,50,,,0,97,,5364,50,,,0,103,,5362,50,,,0,99,,5359,50,,,0,100,,5363,50,,,0
1401,'TM-A26-TM_GTFS-Fête-2-01',627,,5380,50,,,0,30,,5388,50,,,0,70,,5399,50,,,0,30,,5381,50,,,0,70,,5389,50,,,0,30,,5379,50,,,0,70,,5382,50,,,0,30,,5390,50,,,0,70,,5383,50,,,0,100,,5392,50,,,0,101,,5394,50,,,0,100,,5393,50,,,0,101,,5373,50,,,0,100,,5378,50,,,0,100,,5374,50,,,0,30,,5395,50,,,0,70,,5384,50,,,0,30,,5375,50,,,0,69,,5396,50,,,0,30,,5385,50,,,0,69,,5376,50,,,0,100,,5397,50,,,0,100,,5377,50,,,0,100,,5386,50,,,0,99,,5391,50,,,0,100,,5387,50,,,0,100,,5398,50,,,0
1401,'TM-A26-TM_GTFS-Semaine-01',627,,5407,50,,,0,30,,5415,50,,,0,70,,5426,50,,,0,30,,5408,50,,,0,70,,5416,50,,,0,30,,5406,50,,,0,70,,5409,50,,,0,30,,5417,50,,,0,70,,5410,50,,,0,100,,5419,50,,,0,101,,5421,50,,,0,100,,5420,50,,,0,101,,5400,50,,,0,100,,5405,50,,,0,100,,5401,50,,,0,30,,5422,50,,,0,70,,5411,50,,,0,30,,5402,50,,,0,69,,5423,50,,,0,30,,5412,50,,,0,69,,5403,50,,,0,100,,5424,50,,,0,100,,5404,50,,,0,100,,5413,50,,,0,99,,5418,50,,,0,100,,5414,50,,,0,100,,5425,50,,,0
1401,'TM-A26-TM_GTFS-Week-end-01',754,,5432,50,,,0,103,,5429,50,,,0,101,,5443,50,,,0,100,,5439,50,,,0,100,,5437,50,,,0,100,,5440,50,,,0,101,,5438,50,,,0,99,,5441,50,,,0,100,,5444,50,,,0,100,,5442,50,,,0,100,,5427,50,,,0,99,,5430,50,,,0,100,,5428,50,,,0,100,,5433,50,,,0,97,,5436,50,,,0,103,,5434,50,,,0,99,,5431,50,,,0,100,,5435,50,,,0
1700,'TM-A26-TM_GTFS-Fête-1-01',656,,5445,50,,,0,100,,5455,50,,,0,100,,5446,50,,,0,101,,5456,50,,,0,100,,5447,50,,,0,101,,5457,50,,,0,100,,5448,50,,,0,100,,5458,50,,,0,100,,5449,50,,,0,100,,5459,50,,,0,100,,5450,50,,,0,100,,5460,50,,,0,99,,5451,50,,,0,100,,5461,50,,,0,100,,5452,50,,,0,100,,5462,50,,,0,99,,5453,50,,,0,100,,5463,50,,,0,100,,5454,50,,,0
1700,'TM-A26-TM_GTFS-Fête-2-01',556,,5468,50,,,0,101,,5476,50,,,0,100,,5469,50,,,0,100,,5477,50,,,0,100,,5470,50,,,0,100,,5464,50,,,0,100,,5471,50,,,0,100,,5478,50,,,0,101,,5472,50,,,0,100,,5479,50,,,0,101,,5473,50,,,0,100,,5465,50,,,0,99,,5474,50,,,0,100,,5466,50,,,0,99,,5475,50,,,0,100,,5467,50,,,0,100,,5481,50,,,0,99,,5483,50,,,0,100,,5482,50,,,0,100,,5480,50,,,0
1700,'TM-A26-TM_GTFS-Semaine-01',556,,5488,50,,,0,101,,5496,50,,,0,100,,5489,50,,,0,100,,5497,50,,,0,100,,5490,50,,,0,100,,5484,50,,,0,100,,5491,50,,,0,100,,5498,50,,,0,101,,5492,50,,,0,100,,5499,50,,,0,101,,5493,50,,,0,100,,5485,50,,,0,99,,5494,50,,,0,100,,5486,50,,,0,99,,5495,50,,,0,100,,5487,50,,,0,100,,5501,50,,,0,99,,5503,50,,,0,100,,5502,50,,,0,100,,5500,50,,,0
1700,'TM-A26-TM_GTFS-Week-end-01',656,,5504,50,,,0,100,,5514,50,,,0,100,,5505,50,,,0,101,,5515,50,,,0,100,,5506,50,,,0,101,,5516,50,,,0,100,,5507,50,,,0,100,,5517,50,,,0,100,,5508,50,,,0,100,,5518,50,,,0,100,,5509,50,,,0,100,,5519,50,,,0,99,,5510,50,,,0,100,,5520,50,,,0,100,,5511,50,,,0,100,,5521,50,,,0,99,,5512,50,,,0,100,,5522,50,,,0,100,,5513,50,,,0
1801,'TM-A26-TM_GTFS-Fête-2-01',601,,5647,140,0,6 7,0,100,,5648,140,0,6 7,0,53,,5656,140,0,6 7,0,147,,5649,140,0,6 7,0,200,,5650,140,0,6 7,0,200,,5651,140,0,6 7,0,200,,5652,140,0,6 7,0,101,,5646,140,0,6 7,0,100,,5654,140,0,6 7,0,100,,5653,140,0,6 7,0,199,,5645,140,0,6 7,0,200,,5655,140,0,6 7,0
1801,'TM-A26-TM_GTFS-Semaine-01',601,,5660,140,0,6 7,0,100,,5661,140,0,6 7,0,53,,5669,140,0,6 7,0,147,,5662,140,0,6 7,0,200,,5663,140,0,6 7,0,200,,5664,140,0,6 7,0,200,,5665,140,0,6 7,0,101,,5659,140,0,6 7,0,100,,5667,140,0,6 7,0,100,,5666,140,0,6 7,0,199,,5658,140,0,6 7,0,200,,5668,140,0,6 7,0
2300,'TM-A26-TM_GTFS-Fête-2-01',556,,6185,50,,,0,100,,6186,50,,,0,100,,6188,50,,,0,100,,6189,50,,,0,882,,6187,50,,,0
2300,'TM-A26-TM_GTFS-Semaine-01',556,,6190,50,,,0,100,,6191,50,,,0,100,,6193,50,,,0,100,,6196,50,,,0,300,,6195,50,,,0,200,,6194,50,,,0,382,,6192,50,,,0
