300,'TM-A26-TM_GTFS-Fête-1-02',633,,7047,540,,,0,201,,7048,660,,,0,208,,7049,660,,,0,200,,7050,660,,,0,200,,7051,660,,,0,195,,7052,660,,,0,197,,7053,660,,,0,199,,7054,660,,,0,200,,7055,660,,,0,198,,7056,660,,,0
300,'TM-A26-TM_GTFS-Fête-2-02',540,,7058,530,,,0,99,,7059,650,,,0,70,,7075,650,,,0,31,,7069,650,,,0,70,,7074,650,,,0,32,,7068,650,,,0,100,,7063,650,,,0,200,,7064,650,,,0,200,,7065,650,,,0,171,,7067,650,,,0,105,,7066,650,,,0,99,,7072,650,,,0,28,,7071,650,,,0,66,,7073,650,,,0,30,,7070,650,,,0,95,,7057,650,,,0,167,,7060,650,,,0,100,,7061,650,,,0,227,,7062,650,,,0
300,'TM-A26-TM_GTFS-Semaine-02',540,,7077,530,,,0,99,,7078,650,,,0,70,,7094,650,,,0,31,,7088,650,,,0,70,,7093,650,,,0,32,,7087,650,,,0,100,,7082,650,,,0,200,,7083,650,,,0,200,,7084,650,,,0,171,,7086,650,,,0,105,,7085,650,,,0,99,,7091,650,,,0,28,,7090,650,,,0,66,,7092,650,,,0,30,,7089,650,,,0,95,,7076,650,,,0,167,,7079,650,,,0,100,,7080,650,,,0,227,,7081,650,,,0
300,'TM-A26-TM_GTFS-Week-end-02',633,,7095,540,,,0,201,,7096,660,,,0,208,,7097,660,,,0,200,,7098,660,,,0,200,,7099,660,,,0,195,,7100,660,,,0,197,,7101,660,,,0,199,,7102,660,,,0,200,,7103,660,,,0,198,,7104,660,,,0
400,'TM-A26-TM_GTFS-Fête-2-02',1701,,7109,430,,,0,50,,7105,430,,,0,100,,7106,430,,,0,294,,7107,430,,,0,275,,7108,430,,,0
400,'TM-A26-TM_GTFS-Semaine-02',1701,,7114,430,,,0,50,,7110,430,,,0,100,,7111,430,,,0,294,,7112,430,,,0,275,,7113,430,,,0
401,'TM-A26-TM_GTFS-Fête-2-02',608,,7116,500,,,0,100,,7118,500,,,0,100,,7117,500,,,0,101,,7115,500,,,0,1031,,7119,500,,,0
401,'TM-A26-TM_GTFS-Semaine-02',608,,7121,500,,,0,100,,7123,500,,,0,100,,7122,500,,,0,101,,7120,500,,,0,1031,,7124,500,,,0
800,'TM-A26-TM_GTFS-Fête-1-02',704,,7132,230,,,0,100,,7133,230,,,0,100,,7134,230,,,0,101,,7135,230,,,0,100,,7136,230,,,0,100,,7137,230,,,0,100,,7138,230,,,0,100,,7139,230,,,0,100,,7140,230,,,0,100,,7141,230,,,0,100,,7142,230,,,0,99,,7143,230,,,0,100,,7144,230,,,0,100,,7145,230,,,0,100,,7146,230,,,0,100,,7147,230,,,0,100,,7148,230,,,0,100,,7149,230,,,0,99,,7150,230,0,16,0
800,'TM-A26-TM_GTFS-Fête-2-02',604,,7162,230,,,0,102,,7157,230,,,0,100,,7153,230,,,0,100,,7154,230,,,0,100,,7160,230,,,0,100,,7161,230,,,0,100,,7151,230,,,0,100,,7152,230,,,0,100,,7158,230,,,0,100,,7163,230,,,0,100,,7159,230,,,0,100,,7155,230,,,0,99,,7156,230,,,0,100,,7164,230,,,0,100,,7165,230,,,0,100,,7166,230,,,0,100,,7167,230,,,0,100,,7168,230,,,0,100,,7169,230,,,0,98,,7170,230,0,16,0
800,'TM-A26-TM_GTFS-Semaine-02',604,,7182,230,,,0,102,,7177,230,,,0,100,,7173,230,,,0,100,,7174,230,,,0,100,,7180,230,,,0,100,,7181,230,,,0,100,,7171,230,,,0,100,,7172,230,,,0,100,,7178,230,,,0,100,,7183,230,,,0,100,,7179,230,,,0,100,,7175,230,,,0,99,,7176,230,,,0,100,,7184,230,,,0,100,,7185,230,,,0,100,,7186,230,,,0,100,,7187,230,,,0,100,,7188,230,,,0,100,,7189,230,,,0,98,,7190,230,0,16,0
800,'TM-A26-TM_GTFS-Week-end-02',704,,7192,230,,,0,100,,7193,230,,,0,100,,7194,230,,,0,101,,7195,230,,,0,100,,7196,230,,,0,100,,7197,230,,,0,100,,7198,230,,,0,100,,7199,230,,,0,100,,7200,230,,,0,100,,7201,230,,,0,100,,7202,230,,,0,99,,7203,230,,,0,100,,7204,230,,,0,100,,7205,230,,,0,100,,7206,230,,,0,100,,7207,230,,,0,100,,7208,230,,,0,100,,7209,230,,,0,99,,7210,230,0,16,0
1101,'TM-A26-TM_GTFS-Fête-1-02',639,,7359,670,,,0,100,,7349,670,,,0,100,,7360,670,,,0,101,,7350,670,,,0,101,,7351,670,,,0,100,,7361,670,,,0,100,,7352,670,,,0,100,,7362,670,,,0,100,,7353,670,,,0,100,,7363,670,,,0,100,,7354,670,,,0,100,,7364,670,,,0,99,,7355,670,,,0,98,,7365,670,,,0,100,,7356,670,,,0,99,,7366,670,,,0,100,,7357,670,,,0,100,,7367,670,,,0,100,,7358,670,,,0
1101,'TM-A26-TM_GTFS-Fête-2-02',608,,7377,560,,,0,30,,7373,670,,,0,70,,7368,670,,,0,30,,7388,670,,,0,70,,7378,670,,,0,30,,7381,670,,,0,100,,7389,670,,,0,101,,7382,670,,,0,102,,7385,670,,,0,100,,7383,670,,,0,100,,7386,670,,,0,100,,7384,670,,,0,97,,7387,670,,,0,70,,7379,670,,,0,32,,7393,670,,,0,70,,7374,670,,,0,31,,7376,670,,,0,69,,7380,670,,,0,29,,7369,670,,,0,69,,7375,670,,,0,30,,7390,670,,,0,103,,7370,670,,,0,99,,7391,670,,,0,100,,7371,670,,,0,99,,7392,670,,,0,101,,7372,670,,,0
1101,'TM-A26-TM_GTFS-Semaine-02',608,,7403,560,,,0,30,,7399,670,,,0,70,,7394,670,,,0,30,,7414,670,,,0,70,,7404,670,,,0,30,,7407,670,,,0,100,,7415,670,,,0,101,,7408,670,,,0,102,,7411,670,,,0,100,,7409,670,,,0,100,,7412,670,,,0,100,,7410,670,,,0,97,,7413,670,,,0,70,,7405,670,,,0,32,,7419,670,,,0,70,,7400,670,,,0,31,,7402,670,,,0,69,,7406,670,,,0,29,,7395,670,,,0,69,,7401,670,,,0,30,,7416,670,,,0,103,,7396,670,,,0,99,,7417,670,,,0,100,,7397,670,,,0,99,,7418,670,,,0,101,,7398,670,,,0
1101,'TM-A26-TM_GTFS-Week-end-02',639,,7430,670,,,0,100,,7420,670,,,0,100,,7431,670,,,0,101,,7421,670,,,0,101,,7422,670,,,0,100,,7432,670,,,0,100,,7423,670,,,0,100,,7433,670,,,0,100,,7424,670,,,0,100,,7434,670,,,0,100,,7425,670,,,0,100,,7435,670,,,0,99,,7426,670,,,0,98,,7436,670,,,0,100,,7427,670,,,0,99,,7437,670,,,0,100,,7428,670,,,0,100,,7438,670,,,0,100,,7429,670,,,0
2001,'TM-A26-TM_GTFS-Fête-1-02',637,,8258,300,,,0,102,,8259,300,,,0,101,,8260,300,,,0,100,,8261,300,,,0,101,,8252,300,,,0,101,,8253,300,,,0,100,,8262,300,,,0,101,,8263,300,,,0,100,,8264,300,,,0,99,,8254,300,,,0,100,,8255,300,,,0,99,,8256,300,,,0,98,,8257,300,,,0,100,,8265,300,,,0,100,,8266,300,,,0,100,,8267,300,,,0,99,,8268,300,,,0,100,,8269,300,,,0,100,,8270,300,,,0
2001,'TM-A26-TM_GTFS-Fête-2-02',539,,8275,300,,,0,101,,8276,300,,,0,70,,8272,300,,,0,30,,8277,300,,,0,72,,8296,300,,,0,30,,8278,300,,,0,70,,8294,300,,,0,30,,8279,300,,,0,100,,8280,300,,,0,101,,8271,300,,,0,100,,8281,300,,,0,100,,8288,300,,,0,100,,8289,300,,,0,99,,8290,300,,,0,100,,8291,300,,,0,64,,8292,300,,,0,30,,8273,300,,,0,70,,8293,300,,,0,30,,8282,300,,,0,71,,8295,300,,,0,28,,8274,300,,,0,105,,8283,300,,,0,99,,8284,300,,,0,97,,8285,300,,,0,100,,8286,300,,,0,100,,8287,300,,,0
2001,'TM-A26-TM_GTFS-Semaine-02',539,,8301,300,,,0,101,,8302,300,,,0,70,,8298,300,,,0,30,,8303,300,,,0,72,,8322,300,,,0,30,,8304,300,,,0,70,,8320,300,,,0,30,,8305,300,,,0,100,,8306,300,,,0,101,,8297,300,,,0,100,,8307,300,,,0,100,,8314,300,,,0,100,,8315,300,,,0,99,,8316,300,,,0,100,,8317,300,,,0,64,,8318,300,,,0,30,,8299,300,,,0,70,,8319,300,,,0,30,,8308,300,,,0,71,,8321,300,,,0,28,,8300,300,,,0,105,,8309,300,,,0,99,,8310,300,,,0,97,,8311,300,,,0,100,,8312,300,,,0,100,,8313,300,,,0
2001,'TM-A26-TM_GTFS-Week-end-02',637,,8329,300,,,0,102,,8330,300,,,0,101,,8331,300,,,0,100,,8332,300,,,0,101,,8323,300,,,0,101,,8324,300,,,0,100,,8333,300,,,0,101,,8334,300,,,0,100,,8335,300,,,0,99,,8325,300,,,0,100,,8326,300,,,0,99,,8327,300,,,0,98,,8328,300,,,0,100,,8336,300,,,0,100,,8337,300,,,0,100,,8338,300,,,0,99,,8339,300,,,0,100,,8340,300,,,0,100,,8341,300,,,0
2100,'TM-A26-TM_GTFS-Fête-2-02',639,,8343,390,0,5,0,94,,8342,610,0,5,0,100,,8344,610,0,5,0,100,,8345,610,0,5,0
2100,'TM-A26-TM_GTFS-Semaine-02',639,,8347,390,0,5,0,94,,8346,610,0,5,0,100,,8348,610,0,5,0,100,,8349,610,0,5,0
2101,'TM-A26-TM_GTFS-Fête-2-02',1641,,8352,610,0,5,0,99,,8351,610,0,5,0,100,,8350,610,0,5,0
2101,'TM-A26-TM_GTFS-Semaine-02',1641,,8355,610,0,5,0,99,,8354,610,0,5,0,100,,8353,610,0,5,0
2701,'TM-A26-TM_GTFS-Semaine-02',604,,8460,260,,,0,98,,8463,260,,,0,100,,8464,260,,,0,100,,8465,350,,,0,731,,8461,350,,,0,103,,8462,350,,,0,100,,8466,350,,,0
