200,'TM-A26-TM_GTFS-Fête-1-02',716,,6985,380,,,0,205,,6986,380,,,0,200,,6987,380,,,0,200,,6988,380,,,0,200,,6989,380,,,0,196,,6990,380,,,0,199,,6991,380,,,0,200,,6992,380,,,0,200,,6993,380,,,0,198,,6994,380,0,12,0
200,'TM-A26-TM_GTFS-Fête-2-02',548,,6996,190,,,0,67,,7013,360,,,0,32,,7007,360,,,0,70,,7014,360,,,0,32,,7008,360,,,0,70,,7015,360,,,0,30,,7009,360,,,0,170,,7003,360,,,0,200,,7004,360,,,0,200,,7005,360,0,8 7,0,101,,7002,360,,,0,104,,7011,360,,,0,30,,7010,360,,,0,70,,7012,360,,,0,30,,7006,360,,,0,97,,6995,360,,,0,170,,7001,360,,,0,94,,6998,360,,,0,100,,6997,360,,,0,100,,6999,360,,,0,197,,7000,360,0,12,0
200,'TM-A26-TM_GTFS-Semaine-02',548,,7017,190,,,0,67,,7034,360,,,0,32,,7028,360,,,0,70,,7035,360,,,0,32,,7029,360,,,0,70,,7036,360,,,0,30,,7030,360,,,0,170,,7024,360,,,0,200,,7025,360,,,0,200,,7026,360,0,8 7,0,101,,7023,360,,,0,104,,7032,360,,,0,30,,7031,360,,,0,70,,7033,360,,,0,30,,7027,360,,,0,97,,7016,360,,,0,170,,7022,360,,,0,94,,7019,360,,,0,100,,7018,360,,,0,100,,7020,360,,,0,197,,7021,360,0,12,0
200,'TM-A26-TM_GTFS-Week-end-02',716,,7037,380,,,0,205,,7038,380,,,0,200,,7039,380,,,0,200,,7040,380,,,0,200,,7041,380,,,0,196,,7042,380,,,0,199,,7043,380,,,0,200,,7044,380,,,0,200,,7045,380,,,0,198,,7046,380,0,12,0
2000,'TM-A26-TM_GTFS-Fête-1-02',706,,8171,240,,,0,100,,8172,240,,,0,101,,8173,240,,,0,102,,8162,240,,,0,100,,8163,240,,,0,100,,8164,240,,,0,101,,8165,240,,,0,100,,8166,240,,,0,100,,8167,240,,,0,100,,8168,240,,,0,99,,8169,240,,,0,100,,8170,240,,,0,98,,8174,240,,,0,100,,8175,240,,,0,100,,8176,240,,,0,100,,8177,240,,,0,99,,8178,240,,,0,100,,8179,240,,,0,99,,8180,240,,,0
2000,'TM-A26-TM_GTFS-Fête-2-02',606,,8187,240,,,0,30,,8182,240,,,0,70,,8188,240,,,0,31,,8206,240,,,0,70,,8189,240,,,0,30,,8204,240,,,0,71,,8190,240,,,0,100,,8191,240,,,0,100,,8192,240,,,0,100,,8193,240,,,0,102,,8197,240,,,0,100,,8181,240,,,0,100,,8196,240,,,0,100,,8183,240,,,0,30,,8185,240,,,0,70,,8184,240,,,0,29,,8203,240,,,0,70,,8194,240,,,0,29,,8205,240,,,0,70,,8186,240,,,0,99,,8195,240,,,0,100,,8198,240,,,0,100,,8199,240,,,0,98,,8200,240,,,0,100,,8201,240,,,0,100,,8202,240,,,0
2000,'TM-A26-TM_GTFS-Semaine-02',606,,8213,240,,,0,30,,8208,240,,,0,70,,8214,240,,,0,31,,8232,240,,,0,70,,8215,240,,,0,30,,8230,240,,,0,71,,8216,240,,,0,100,,8217,240,,,0,100,,8218,240,,,0,100,,8219,240,,,0,102,,8223,240,,,0,100,,8207,240,,,0,100,,8222,240,,,0,100,,8209,240,,,0,30,,8211,240,,,0,70,,8210,240,,,0,29,,8229,240,,,0,70,,8220,240,,,0,29,,8231,240,,,0,70,,8212,240,,,0,99,,8221,240,,,0,100,,8224,240,,,0,100,,8225,240,,,0,98,,8226,240,,,0,100,,8227,240,,,0,100,,8228,240,,,0
2000,'TM-A26-TM_GTFS-Week-end-02',706,,8242,240,,,0,100,,8243,240,,,0,101,,8244,240,,,0,102,,8233,240,,,0,100,,8234,240,,,0,100,,8235,240,,,0,101,,8236,240,,,0,100,,8237,240,,,0,100,,8238,240,,,0,100,,8239,240,,,0,99,,8240,240,,,0,100,,8241,240,,,0,98,,8245,240,,,0,100,,8246,240,,,0,100,,8247,240,,,0,100,,8248,240,,,0,99,,8249,240,,,0,100,,8250,240,,,0,99,,8251,240,,,0
2100,'TM-A26-TM_GTFS-Fête-2-02',705,,8342,210,0,5,0,100,,8344,210,0,5,0,100,,8345,210,0,5,0
2100,'TM-A26-TM_GTFS-Semaine-02',705,,8346,210,0,5,0,100,,8348,210,0,5,0,100,,8349,210,0,5,0
2201,'TM-A26-TM_GTFS-Semaine-02',1205,,8359,280,,,0,109,,8360,280,,,0,193,,8364,280,,,0,118,,8361,280,,,0,113,,8362,280,,,0,96,,8363,280,,,0
