100,'TM-A26-TM_GTFS-Fête-1-02',647,,6883,640,,,0,97,,6884,930,,,0,100,,6885,930,,,0,102,,6886,930,,,0,100,,6887,930,,,0,100,,6888,930,,,0,100,,6889,930,,,0,100,,6890,930,,,0,98,,6891,940,,,0,100,,6892,940,,,0,100,,6893,940,,,0,100,,6894,940,,,0,99,,6895,940,,,0,100,,6896,940,,,0,99,,6897,940,,,0,100,,6898,940,,,0,99,,6899,940,,,0,100,,6900,940,,,0,100,,6901,940,,,0
100,'TM-A26-TM_GTFS-Fête-2-02',514,,6904,270,,,0,30,,6905,270,,,0,68,,6903,870,,,0,30,,6931,870,,,0,70,,6929,870,,,0,30,,6921,870,,,0,70,,6930,870,,,0,30,,6909,870,,,0,70,,6926,870,,,0,30,,6910,870,,,0,100,,6911,870,,,0,100,,6912,870,,,0,100,,6913,870,,,0,100,,6914,870,,,0,100,,6915,870,,,0,100,,6916,870,,,0,70,,6927,870,,,0,30,,6917,870,,,0,70,,6928,870,,,0,30,,6919,870,,,0,68,,6907,870,,,0,30,,6918,870,,,0,69,,6906,870,,,0,29,,6920,870,,,0,70,,6908,870,,,0,30,,6922,870,,,0,100,,6932,870,,,0,100,,6933,870,,,0,100,,6923,870,,,0,100,,6924,870,,,0
100,'TM-A26-TM_GTFS-Semaine-02',514,,6935,270,,,0,30,,6936,270,,,0,68,,6934,870,,,0,30,,6962,870,,,0,70,,6960,870,,,0,30,,6952,870,,,0,70,,6961,870,,,0,30,,6940,870,,,0,70,,6957,870,,,0,30,,6941,870,,,0,100,,6942,870,,,0,100,,6943,870,,,0,100,,6944,870,,,0,100,,6945,870,,,0,100,,6946,870,,,0,100,,6947,870,,,0,70,,6958,870,,,0,30,,6948,870,,,0,70,,6959,870,,,0,30,,6950,870,,,0,68,,6938,870,,,0,30,,6949,870,,,0,69,,6937,870,,,0,29,,6951,870,,,0,70,,6939,870,,,0,30,,6953,870,,,0,100,,6963,870,,,0,100,,6964,870,,,0,100,,6954,870,,,0,100,,6955,870,,,0
100,'TM-A26-TM_GTFS-Week-end-02',647,,6965,640,,,0,97,,6966,930,,,0,100,,6967,930,,,0,102,,6968,930,,,0,100,,6969,930,,,0,100,,6970,930,,,0,100,,6971,930,,,0,100,,6972,930,,,0,98,,6973,940,,,0,100,,6974,940,,,0,100,,6975,940,,,0,100,,6976,940,,,0,99,,6977,940,,,0,100,,6978,940,,,0,99,,6979,940,,,0,100,,6980,940,,,0,99,,6981,940,,,0,100,,6982,940,,,0,100,,6983,940,,,0
401,'TM-A26-TM_GTFS-Fête-2-02',542,,7116,90,,,0,100,,7118,90,,,0,100,,7117,90,,,0,101,,7115,90,,,0,1074,,7119,90,,,0
401,'TM-A26-TM_GTFS-Semaine-02',542,,7121,90,,,0,100,,7123,90,,,0,100,,7122,90,,,0,101,,7120,90,,,0,1074,,7124,90,,,0
800,'TM-A26-TM_GTFS-Fête-1-02',622,,7131,240,,,0,99,,7132,540,,,0,100,,7133,540,,,0,100,,7134,540,,,0,101,,7135,540,,,0,100,,7136,540,,,0,100,,7137,540,,,0,100,,7138,540,,,0,100,,7139,540,,,0,100,,7140,540,,,0,100,,7141,540,,,0,100,,7142,540,,,0,99,,7143,540,,,0,100,,7144,540,,,0,100,,7145,540,,,0,100,,7146,540,,,0,100,,7147,540,,,0,100,,7148,540,,,0,100,,7149,540,,,0
800,'TM-A26-TM_GTFS-Fête-2-02',622,,7162,540,,,0,102,,7157,540,,,0,100,,7153,540,,,0,99,,7154,540,,,0,100,,7160,540,,,0,100,,7161,540,,,0,100,,7151,540,,,0,100,,7152,540,,,0,100,,7158,540,,,0,102,,7163,540,,,0,100,,7159,540,,,0,100,,7155,540,,,0,97,,7156,540,,,0,100,,7164,540,,,0,100,,7165,540,,,0,100,,7166,540,,,0,100,,7167,540,,,0,100,,7168,540,,,0,99,,7169,540,,,0
800,'TM-A26-TM_GTFS-Semaine-02',622,,7182,540,,,0,102,,7177,540,,,0,100,,7173,540,,,0,99,,7174,540,,,0,100,,7180,540,,,0,100,,7181,540,,,0,100,,7171,540,,,0,100,,7172,540,,,0,100,,7178,540,,,0,102,,7183,540,,,0,100,,7179,540,,,0,100,,7175,540,,,0,97,,7176,540,,,0,100,,7184,540,,,0,100,,7185,540,,,0,100,,7186,540,,,0,100,,7187,540,,,0,100,,7188,540,,,0,99,,7189,540,,,0
800,'TM-A26-TM_GTFS-Week-end-02',622,,7191,240,,,0,99,,7192,540,,,0,100,,7193,540,,,0,100,,7194,540,,,0,101,,7195,540,,,0,100,,7196,540,,,0,100,,7197,540,,,0,100,,7198,540,,,0,100,,7199,540,,,0,100,,7200,540,,,0,100,,7201,540,,,0,100,,7202,540,,,0,99,,7203,540,,,0,100,,7204,540,,,0,100,,7205,540,,,0,100,,7206,540,,,0,100,,7207,540,,,0,100,,7208,540,,,0,100,,7209,540,,,0
1801,'TM-A26-TM_GTFS-Fête-2-02',641,,7827,630,0,6 7,0,100,,7828,630,0,6 7,0,93,,7836,630,0,6 7,0,107,,7829,630,0,6 7,0,200,,7830,630,0,6 7,0,200,,7831,630,0,6 7,0,200,,7832,630,0,6 7,0,103,,7826,630,0,6 7,0,100,,7834,630,0,6 7,0,95,,7833,630,0,6 7,0,197,,7825,630,0,6 7,0,200,,7835,630,0,6 7,0
1801,'TM-A26-TM_GTFS-Semaine-02',641,,7840,630,0,6 7,0,100,,7841,630,0,6 7,0,93,,7849,630,0,6 7,0,107,,7842,630,0,6 7,0,200,,7843,630,0,6 7,0,200,,7844,630,0,6 7,0,200,,7845,630,0,6 7,0,103,,7839,630,0,6 7,0,100,,7847,630,0,6 7,0,95,,7846,630,0,6 7,0,197,,7838,630,0,6 7,0,200,,7848,630,0,6 7,0
