2000,'TM-A26-TM_GTFS-Fête-1-02',713,,8171,320,4,,0,100,,8172,320,4,,0,101,,8173,320,4,,0,102,,8162,320,4,,0,100,,8163,320,4,,0,100,,8164,320,4,,0,101,,8165,320,4,,0,100,,8166,320,4,,0,100,,8167,320,4,,0,100,,8168,320,4,,0,99,,8169,320,4,,0,100,,8170,320,4,,0,98,,8174,320,4,,0,100,,8175,320,4,,0,100,,8176,320,4,,0,100,,8177,320,4,,0,98,,8178,320,4,,0,100,,8179,320,4,,0,99,,8180,320,4,,0
2000,'TM-A26-TM_GTFS-Fête-2-02',613,,8187,320,4,,0,30,,8182,320,4,,0,70,,8188,320,4,,0,32,,8206,320,4,,0,70,,8189,320,4,,0,30,,8204,320,4,,0,71,,8190,320,4,,0,100,,8191,320,4,,0,100,,8192,320,4,,0,100,,8193,320,4,,0,103,,8197,320,4,,0,100,,8181,320,4,,0,100,,8196,320,4,,0,100,,8183,320,4,,0,30,,8185,320,4,,0,70,,8184,320,4,,0,28,,8203,320,4,,0,70,,8194,320,4,,0,29,,8205,320,4,,0,70,,8186,320,4,,0,98,,8195,320,4,,0,100,,8198,320,4,,0,100,,8199,320,4,,0,98,,8200,320,4,,0,100,,8201,320,4,,0,98,,8202,320,4,,0
2000,'TM-A26-TM_GTFS-Semaine-02',613,,8213,320,4,,0,30,,8208,320,4,,0,70,,8214,320,4,,0,32,,8232,320,4,,0,70,,8215,320,4,,0,30,,8230,320,4,,0,71,,8216,320,4,,0,100,,8217,320,4,,0,100,,8218,320,4,,0,100,,8219,320,4,,0,103,,8223,320,4,,0,100,,8207,320,4,,0,100,,8222,320,4,,0,100,,8209,320,4,,0,30,,8211,320,4,,0,70,,8210,320,4,,0,28,,8229,320,4,,0,70,,8220,320,4,,0,29,,8231,320,4,,0,70,,8212,320,4,,0,98,,8221,320,4,,0,100,,8224,320,4,,0,100,,8225,320,4,,0,98,,8226,320,4,,0,100,,8227,320,4,,0,98,,8228,320,4,,0
2000,'TM-A26-TM_GTFS-Week-end-02',713,,8242,320,4,,0,100,,8243,320,4,,0,101,,8244,320,4,,0,102,,8233,320,4,,0,100,,8234,320,4,,0,100,,8235,320,4,,0,101,,8236,320,4,,0,100,,8237,320,4,,0,100,,8238,320,4,,0,100,,8239,320,4,,0,99,,8240,320,4,,0,100,,8241,320,4,,0,98,,8245,320,4,,0,100,,8246,320,4,,0,100,,8247,320,4,,0,100,,8248,320,4,,0,98,,8249,320,4,,0,100,,8250,320,4,,0,99,,8251,320,4,,0
2001,'TM-A26-TM_GTFS-Fête-1-02',618,,8258,10,,,0,100,,8259,10,,,0,100,,8260,10,,,0,100,,8261,10,,,0,100,,8252,10,,,0,100,,8253,10,,,0,100,,8262,10,,,0,101,,8263,10,,,0,100,,8264,10,,,0,100,,8254,10,,,0,100,,8255,10,,,0,100,,8256,10,,,0,100,,8257,10,,,0,100,,8265,10,,,0,100,,8266,10,,,0,100,,8267,10,,,0,100,,8268,10,,,0,100,,8269,10,,,0,100,,8270,10,,,0
2001,'TM-A26-TM_GTFS-Fête-2-02',519,,8275,10,,,0,99,,8276,10,,,0,30,,8272,10,,,0,70,,8277,10,,,0,32,,8296,10,,,0,70,,8278,10,,,0,30,,8294,10,,,0,70,,8279,10,,,0,100,,8280,10,,,0,100,,8271,10,,,0,100,,8281,10,,,0,100,,8288,10,,,0,98,,8289,10,,,0,99,,8290,10,,,0,100,,8291,10,,,0,25,,8292,10,,,0,71,,8273,10,,,0,30,,8293,10,,,0,70,,8282,10,,,0,31,,8295,10,,,0,71,,8274,10,,,0,105,,8283,10,,,0,99,,8284,10,,,0,100,,8285,10,,,0,100,,8286,10,,,0,100,,8287,10,,,0
2001,'TM-A26-TM_GTFS-Semaine-02',519,,8301,10,,,0,99,,8302,10,,,0,30,,8298,10,,,0,70,,8303,10,,,0,32,,8322,10,,,0,70,,8304,10,,,0,30,,8320,10,,,0,70,,8305,10,,,0,100,,8306,10,,,0,100,,8297,10,,,0,100,,8307,10,,,0,100,,8314,10,,,0,98,,8315,10,,,0,99,,8316,10,,,0,100,,8317,10,,,0,25,,8318,10,,,0,71,,8299,10,,,0,30,,8319,10,,,0,70,,8308,10,,,0,31,,8321,10,,,0,71,,8300,10,,,0,105,,8309,10,,,0,99,,8310,10,,,0,100,,8311,10,,,0,100,,8312,10,,,0,100,,8313,10,,,0
2001,'TM-A26-TM_GTFS-Week-end-02',618,,8329,10,,,0,100,,8330,10,,,0,100,,8331,10,,,0,100,,8332,10,,,0,100,,8323,10,,,0,100,,8324,10,,,0,100,,8333,10,,,0,101,,8334,10,,,0,100,,8335,10,,,0,100,,8325,10,,,0,100,,8326,10,,,0,100,,8327,10,,,0,100,,8328,10,,,0,100,,8336,10,,,0,100,,8337,10,,,0,100,,8338,10,,,0,100,,8339,10,,,0,100,,8340,10,,,0,100,,8341,10,,,0
2000002600,'TM-A26-TM_GTFS-Fête-2-02',1321,,8981,10,,,0,302,,8982,10,,,0,98,,8983,10,,,0,98,,8984,10,,,0
2000002600,'TM-A26-TM_GTFS-Semaine-02',1321,,8985,10,,,0,302,,8986,10,,,0,98,,8987,10,,,0,98,,8988,10,,,0
2000002601,'TM-A26-TM_GTFS-Fête-2-02',613,,8989,80,4,,0,100,,8990,80,4,,0,100,,8991,80,4,,0,401,,8992,80,4,,0
2000002601,'TM-A26-TM_GTFS-Semaine-02',613,,8993,80,4,,0,100,,8994,80,4,,0,100,,8995,80,4,,0,401,,8996,80,4,,0
