200,'TM-A26-TM_GTFS-Fête-1-02',657,,6985,110,,,0,201,,6986,110,,,0,200,,6987,110,,,0,200,,6988,110,,,0,200,,6989,110,,,0,199,,6990,110,,,0,200,,6991,110,,,0,200,,6992,110,,,0,200,,6993,110,,,0,200,,6994,110,0,12,0
200,'TM-A26-TM_GTFS-Fête-2-02',557,,7013,110,,,0,70,,7007,110,,,0,30,,7014,110,,,0,71,,7008,110,,,0,30,,7015,110,,,0,70,,7009,110,,,0,130,,7003,110,,,0,200,,7004,110,,,0,200,,7005,110,0,8 7,0,101,,7002,110,,,0,100,,7011,110,,,0,70,,7010,110,,,0,30,,7012,110,,,0,70,,7006,110,,,0,100,,6995,110,,,0,130,,7001,110,,,0,98,,6998,110,,,0,100,,6997,110,,,0,100,,6999,110,,,0,200,,7000,110,0,12,0
200,'TM-A26-TM_GTFS-Semaine-02',557,,7034,110,,,0,70,,7028,110,,,0,30,,7035,110,,,0,71,,7029,110,,,0,30,,7036,110,,,0,70,,7030,110,,,0,130,,7024,110,,,0,200,,7025,110,,,0,200,,7026,110,0,8 7,0,101,,7023,110,,,0,100,,7032,110,,,0,70,,7031,110,,,0,30,,7033,110,,,0,70,,7027,110,,,0,100,,7016,110,,,0,130,,7022,110,,,0,98,,7019,110,,,0,100,,7018,110,,,0,100,,7020,110,,,0,200,,7021,110,0,12,0
200,'TM-A26-TM_GTFS-Week-end-02',657,,7037,110,,,0,201,,7038,110,,,0,200,,7039,110,,,0,200,,7040,110,,,0,200,,7041,110,,,0,199,,7042,110,,,0,200,,7043,110,,,0,200,,7044,110,,,0,200,,7045,110,,,0,200,,7046,110,0,12,0
401,'TM-A26-TM_GTFS-Fête-2-02',548,,7116,190,,,0,100,,7118,190,,,0,100,,7117,190,,,0,101,,7115,190,,,0,1074,,7119,190,,,0
401,'TM-A26-TM_GTFS-Semaine-02',548,,7121,190,,,0,100,,7123,190,,,0,100,,7122,190,,,0,101,,7120,190,,,0,1074,,7124,190,,,0
1100,'TM-A26-TM_GTFS-Fête-1-02',557,,7251,110,,,0,100,,7261,110,,,0,100,,7252,110,,,0,100,,7253,110,,,0,100,,7262,110,,,0,101,,7254,110,,,0,100,,7263,110,,,0,100,,7255,110,,,0,100,,7264,110,,,0,100,,7256,110,,,0,100,,7265,110,,,0,100,,7257,110,,,0,100,,7266,110,,,0,100,,7258,110,,,0,100,,7267,110,,,0,100,,7259,110,,,0,100,,7268,110,,,0,100,,7260,110,,,0,100,,7269,110,,,0,100,,7270,110,,,0
1100,'TM-A26-TM_GTFS-Fête-2-02',527,,7271,110,,,0,30,,7293,110,,,0,70,,7282,110,,,0,30,,7278,110,,,0,70,,7272,110,,,0,30,,7294,110,,,0,70,,7283,110,,,0,31,,7286,110,,,0,100,,7290,110,,,0,100,,7287,110,,,0,100,,7291,110,,,0,100,,7288,110,,,0,101,,7292,110,,,0,100,,7299,110,,,0,70,,7279,110,,,0,30,,7281,110,,,0,70,,7284,110,,,0,30,,7273,110,,,0,70,,7280,110,,,0,30,,7295,110,,,0,70,,7285,110,,,0,29,,7274,110,,,0,69,,7289,110,,,0,30,,7296,110,,,0,100,,7275,110,,,0,100,,7297,110,,,0,100,,7276,110,,,0,100,,7298,110,,,0,100,,7277,110,,,0
1100,'TM-A26-TM_GTFS-Semaine-02',527,,7300,110,,,0,30,,7322,110,,,0,70,,7311,110,,,0,30,,7307,110,,,0,70,,7301,110,,,0,30,,7323,110,,,0,70,,7312,110,,,0,31,,7315,110,,,0,100,,7319,110,,,0,100,,7316,110,,,0,100,,7320,110,,,0,100,,7317,110,,,0,101,,7321,110,,,0,100,,7328,110,,,0,70,,7308,110,,,0,30,,7310,110,,,0,70,,7313,110,,,0,30,,7302,110,,,0,70,,7309,110,,,0,30,,7324,110,,,0,70,,7314,110,,,0,29,,7303,110,,,0,69,,7318,110,,,0,30,,7325,110,,,0,100,,7304,110,,,0,100,,7326,110,,,0,100,,7305,110,,,0,100,,7327,110,,,0,100,,7306,110,,,0
1100,'TM-A26-TM_GTFS-Week-end-02',557,,7329,110,,,0,100,,7339,110,,,0,100,,7330,110,,,0,100,,7331,110,,,0,100,,7340,110,,,0,101,,7332,110,,,0,100,,7341,110,,,0,100,,7333,110,,,0,100,,7342,110,,,0,100,,7334,110,,,0,100,,7343,110,,,0,100,,7335,110,,,0,100,,7344,110,,,0,100,,7336,110,,,0,100,,7345,110,,,0,100,,7337,110,,,0,100,,7346,110,,,0,100,,7338,110,,,0,100,,7347,110,,,0,100,,7348,110,,,0
2000,'TM-A26-TM_GTFS-Fête-1-02',657,,8171,110,,,0,100,,8172,110,,,0,101,,8173,110,,,0,100,,8162,110,,,0,100,,8163,110,,,0,100,,8164,110,,,0,100,,8165,110,,,0,100,,8166,110,,,0,100,,8167,110,,,0,100,,8168,110,,,0,100,,8169,110,,,0,100,,8170,110,,,0,100,,8174,110,,,0,100,,8175,110,,,0,100,,8176,110,,,0,100,,8177,110,,,0,99,,8178,110,,,0,100,,8179,110,,,0,100,,8180,110,,,0
2000,'TM-A26-TM_GTFS-Fête-2-02',558,,8187,110,,,0,70,,8182,110,,,0,30,,8188,110,,,0,70,,8206,110,,,0,30,,8189,110,,,0,70,,8204,110,,,0,30,,8190,110,,,0,100,,8191,110,,,0,100,,8192,110,,,0,100,,8193,110,,,0,101,,8197,110,,,0,100,,8181,110,,,0,100,,8196,110,,,0,100,,8183,110,,,0,70,,8185,110,,,0,30,,8184,110,,,0,69,,8203,110,,,0,30,,8194,110,,,0,70,,8205,110,,,0,30,,8186,110,,,0,100,,8195,110,,,0,100,,8198,110,,,0,100,,8199,110,,,0,99,,8200,110,,,0,100,,8201,110,,,0,100,,8202,110,,,0
2000,'TM-A26-TM_GTFS-Semaine-02',558,,8213,110,,,0,70,,8208,110,,,0,30,,8214,110,,,0,70,,8232,110,,,0,30,,8215,110,,,0,70,,8230,110,,,0,30,,8216,110,,,0,100,,8217,110,,,0,100,,8218,110,,,0,100,,8219,110,,,0,101,,8223,110,,,0,100,,8207,110,,,0,100,,8222,110,,,0,100,,8209,110,,,0,70,,8211,110,,,0,30,,8210,110,,,0,69,,8229,110,,,0,30,,8220,110,,,0,70,,8231,110,,,0,30,,8212,110,,,0,100,,8221,110,,,0,100,,8224,110,,,0,100,,8225,110,,,0,99,,8226,110,,,0,100,,8227,110,,,0,100,,8228,110,,,0
2000,'TM-A26-TM_GTFS-Week-end-02',657,,8242,110,,,0,100,,8243,110,,,0,101,,8244,110,,,0,100,,8233,110,,,0,100,,8234,110,,,0,100,,8235,110,,,0,100,,8236,110,,,0,100,,8237,110,,,0,100,,8238,110,,,0,100,,8239,110,,,0,100,,8240,110,,,0,100,,8241,110,,,0,100,,8245,110,,,0,100,,8246,110,,,0,100,,8247,110,,,0,100,,8248,110,,,0,99,,8249,110,,,0,100,,8250,110,,,0,100,,8251,110,,,0
2100,'TM-A26-TM_GTFS-Fête-2-02',657,,8342,110,0,5,0,100,,8344,110,0,5,0,100,,8345,110,0,5,0
2100,'TM-A26-TM_GTFS-Semaine-02',657,,8346,110,0,5,0,100,,8348,110,0,5,0,100,,8349,110,0,5,0
2101,'TM-A26-TM_GTFS-Fête-2-02',1558,,8352,110,0,5,0,100,,8351,110,0,5,0,100,,8350,110,0,5,0
2101,'TM-A26-TM_GTFS-Semaine-02',1558,,8355,110,0,5,0,100,,8354,110,0,5,0,100,,8353,110,0,5,0
2700,'TM-A26-TM_GTFS-Semaine-02',721,,8458,110,,,0,100,,8453,110,,,0,707,,8456,110,,,0,100,,8457,110,,,0,100,,8455,110,,,0,99,,8454,110,,,0,100,,8459,110,,,0
