1401,'TM-A26-TM_GTFS-Fête-1-02',813,,7540,410,,,0,103,,7537,410,,,0,101,,7551,410,,,0,101,,7547,410,,,0,101,,7545,410,,,0,100,,7548,410,,,0,101,,7546,410,,,0,100,,7549,410,,,0,100,,7552,410,,,0,99,,7550,410,,,0,100,,7535,410,,,0,99,,7538,410,,,0,99,,7536,410,,,0,100,,7541,410,,,0,97,,7544,410,,,0,102,,7542,410,,,0,99,,7539,410,,,0,100,,7543,410,,,0
1401,'TM-A26-TM_GTFS-Fête-2-02',645,,7560,410,,,0,71,,7568,410,,,0,30,,7579,410,,,0,70,,7561,410,,,0,30,,7569,410,,,0,70,,7559,410,,,0,30,,7562,410,,,0,70,,7570,410,,,0,30,,7563,410,,,0,101,,7572,410,,,0,102,,7574,410,,,0,100,,7573,410,,,0,102,,7553,410,,,0,103,,7558,410,,,0,104,,7554,410,,,0,70,,7575,410,,,0,28,,7564,410,,,0,65,,7555,410,,,0,28,,7576,410,,,0,70,,7565,410,,,0,29,,7556,410,,,0,100,,7577,410,,,0,100,,7557,410,,,0,99,,7566,410,,,0,99,,7571,410,,,0,99,,7567,410,,,0,100,,7578,410,,,0
1401,'TM-A26-TM_GTFS-Semaine-02',645,,7587,410,,,0,71,,7595,410,,,0,30,,7606,410,,,0,70,,7588,410,,,0,30,,7596,410,,,0,70,,7586,410,,,0,30,,7589,410,,,0,70,,7597,410,,,0,30,,7590,410,,,0,101,,7599,410,,,0,102,,7601,410,,,0,100,,7600,410,,,0,102,,7580,410,,,0,103,,7585,410,,,0,104,,7581,410,,,0,70,,7602,410,,,0,28,,7591,410,,,0,65,,7582,410,,,0,28,,7603,410,,,0,70,,7592,410,,,0,29,,7583,410,,,0,100,,7604,410,,,0,100,,7584,410,,,0,99,,7593,410,,,0,99,,7598,410,,,0,99,,7594,410,,,0,100,,7605,410,,,0
1401,'TM-A26-TM_GTFS-Week-end-02',813,,7612,410,,,0,103,,7609,410,,,0,101,,7623,410,,,0,101,,7619,410,,,0,101,,7617,410,,,0,100,,7620,410,,,0,101,,7618,410,,,0,100,,7621,410,,,0,100,,7624,410,,,0,99,,7622,410,,,0,100,,7607,410,,,0,99,,7610,410,,,0,99,,7608,410,,,0,100,,7613,410,,,0,97,,7616,410,,,0,102,,7614,410,,,0,99,,7611,410,,,0,100,,7615,410,,,0
1700,'TM-A26-TM_GTFS-Fête-1-02',715,,7625,370,,,0,100,,7635,370,,,0,101,,7626,370,,,0,101,,7636,370,,,0,100,,7627,370,,,0,101,,7637,370,,,0,100,,7628,370,,,0,101,,7638,370,,,0,100,,7629,370,,,0,100,,7639,370,,,0,100,,7630,370,,,0,99,,7640,370,,,0,99,,7631,370,,,0,100,,7641,370,,,0,100,,7632,370,,,0,100,,7642,370,,,0,99,,7633,370,,,0,99,,7643,370,,,0,99,,7634,370,,,0
1700,'TM-A26-TM_GTFS-Fête-2-02',616,,7648,370,,,0,101,,7656,370,,,0,100,,7649,370,,,0,100,,7657,370,,,0,101,,7650,370,,,0,100,,7644,370,,,0,100,,7651,370,,,0,100,,7658,370,,,0,101,,7652,370,,,0,102,,7659,370,,,0,103,,7653,370,,,0,100,,7645,370,,,0,96,,7654,370,,,0,98,,7646,370,,,0,99,,7655,370,,,0,100,,7647,370,,,0,100,,7661,370,,,0,99,,7663,370,,,0,100,,7662,370,,,0,98,,7660,370,,,0
1700,'TM-A26-TM_GTFS-Semaine-02',616,,7668,370,,,0,101,,7676,370,,,0,100,,7669,370,,,0,100,,7677,370,,,0,101,,7670,370,,,0,100,,7664,370,,,0,100,,7671,370,,,0,100,,7678,370,,,0,101,,7672,370,,,0,102,,7679,370,,,0,103,,7673,370,,,0,100,,7665,370,,,0,96,,7674,370,,,0,98,,7666,370,,,0,99,,7675,370,,,0,100,,7667,370,,,0,100,,7681,370,,,0,99,,7683,370,,,0,100,,7682,370,,,0,98,,7680,370,,,0
1700,'TM-A26-TM_GTFS-Week-end-02',715,,7684,370,,,0,100,,7694,370,,,0,101,,7685,370,,,0,101,,7695,370,,,0,100,,7686,370,,,0,101,,7696,370,,,0,100,,7687,370,,,0,101,,7697,370,,,0,100,,7688,370,,,0,100,,7698,370,,,0,100,,7689,370,,,0,99,,7699,370,,,0,99,,7690,370,,,0,100,,7700,370,,,0,100,,7691,370,,,0,100,,7701,370,,,0,99,,7692,370,,,0,99,,7702,370,,,0,99,,7693,370,,,0
41701,'TM-A26-TM_GTFS-Fête-2-02',1746,,8694,380,,,0,87,,8696,380,,,0,76,,8697,380,,,0,38,,8695,380,,,0
41701,'TM-A26-TM_GTFS-Semaine-02',1746,,8698,380,,,0,87,,8700,380,,,0,76,,8701,380,,,0,38,,8699,380,,,0
2000001500,'TM-A26-TM_GTFS-Fête-2-02',1246,,8949,300,,,0,400,,8950,300,,,0,100,,8951,300,,,0,100,,8952,300,,,0
2000001500,'TM-A26-TM_GTFS-Semaine-02',1246,,8953,300,,,0,400,,8954,300,,,0,100,,8955,300,,,0,100,,8956,300,,,0
2000041701,'TM-A26-TM_GTFS-Fête-2-02',1352,,9061,380,,,0
2000041701,'TM-A26-TM_GTFS-Semaine-02',1352,,9062,380,,,0
