300,'TM-A26-TM_GTFS-Fête-1-01',628,,4867,450,,,0,201,,4868,570,,,0,207,,4869,570,,,0,200,,4870,570,,,0,200,,4871,570,,,0,197,,4872,570,,,0,197,,4873,570,,,0,199,,4874,570,,,0,200,,4875,570,,,0,198,,4876,570,,,0
300,'TM-A26-TM_GTFS-Fête-2-01',535,,4878,440,,,0,98,,4879,560,,,0,70,,4895,560,,,0,31,,4889,560,,,0,70,,4894,560,,,0,32,,4888,560,,,0,100,,4883,560,,,0,200,,4884,560,,,0,200,,4885,560,,,0,170,,4887,560,,,0,105,,4886,560,,,0,99,,4892,560,,,0,28,,4891,560,,,0,67,,4893,560,,,0,30,,4890,560,,,0,95,,4877,560,,,0,128,,4880,560,,,0,100,,4881,560,,,0,267,,4882,560,,,0
300,'TM-A26-TM_GTFS-Semaine-01',535,,4897,440,,,0,98,,4898,560,,,0,70,,4914,560,,,0,31,,4908,560,,,0,70,,4913,560,,,0,32,,4907,560,,,0,100,,4902,560,,,0,200,,4903,560,,,0,200,,4904,560,,,0,170,,4906,560,,,0,105,,4905,560,,,0,99,,4911,560,,,0,28,,4910,560,,,0,67,,4912,560,,,0,30,,4909,560,,,0,95,,4896,560,,,0,128,,4899,560,,,0,100,,4900,560,,,0,267,,4901,560,,,0
300,'TM-A26-TM_GTFS-Week-end-01',628,,4915,450,,,0,201,,4916,570,,,0,207,,4917,570,,,0,200,,4918,570,,,0,200,,4919,570,,,0,197,,4920,570,,,0,197,,4921,570,,,0,199,,4922,570,,,0,200,,4923,570,,,0,198,,4924,570,,,0
400,'TM-A26-TM_GTFS-Fête-2-01',1655,,4929,340,,,0,91,,4925,340,,,0,100,,4926,340,,,0,294,,4927,340,,,0,275,,4928,340,,,0
400,'TM-A26-TM_GTFS-Semaine-01',1655,,4934,340,,,0,91,,4930,340,,,0,100,,4931,340,,,0,294,,4932,340,,,0,275,,4933,340,,,0
1101,'TM-A26-TM_GTFS-Fête-1-01',635,,5179,580,,,0,100,,5169,580,,,0,100,,5180,580,,,0,100,,5170,580,,,0,101,,5171,580,,,0,100,,5181,580,,,0,100,,5172,580,,,0,100,,5182,580,,,0,100,,5173,580,,,0,100,,5183,580,,,0,100,,5174,580,,,0,100,,5184,580,,,0,99,,5175,580,,,0,99,,5185,580,,,0,100,,5176,580,,,0,99,,5186,580,,,0,100,,5177,580,,,0,100,,5187,580,,,0,100,,5178,580,,,0
1101,'TM-A26-TM_GTFS-Fête-2-01',603,,5197,470,,,0,30,,5193,580,,,0,70,,5188,580,,,0,30,,5208,580,,,0,70,,5198,580,,,0,30,,5201,580,,,0,100,,5209,580,,,0,99,,5202,580,,,0,102,,5205,580,,,0,100,,5203,580,,,0,100,,5206,580,,,0,100,,5204,580,,,0,97,,5207,580,,,0,70,,5199,580,,,0,32,,5213,580,,,0,70,,5194,580,,,0,32,,5196,580,,,0,69,,5200,580,,,0,30,,5189,580,,,0,69,,5195,580,,,0,30,,5210,580,,,0,103,,5190,580,,,0,99,,5211,580,,,0,101,,5191,580,,,0,99,,5212,580,,,0,101,,5192,580,,,0
1101,'TM-A26-TM_GTFS-Semaine-01',603,,5223,470,,,0,30,,5219,580,,,0,70,,5214,580,,,0,30,,5234,580,,,0,70,,5224,580,,,0,30,,5227,580,,,0,100,,5235,580,,,0,99,,5228,580,,,0,102,,5231,580,,,0,100,,5229,580,,,0,100,,5232,580,,,0,100,,5230,580,,,0,97,,5233,580,,,0,70,,5225,580,,,0,32,,5239,580,,,0,70,,5220,580,,,0,32,,5222,580,,,0,69,,5226,580,,,0,30,,5215,580,,,0,69,,5221,580,,,0,30,,5236,580,,,0,103,,5216,580,,,0,99,,5237,580,,,0,101,,5217,580,,,0,99,,5238,580,,,0,101,,5218,580,,,0
1101,'TM-A26-TM_GTFS-Week-end-01',635,,5250,580,,,0,100,,5240,580,,,0,100,,5251,580,,,0,100,,5241,580,,,0,101,,5242,580,,,0,100,,5252,580,,,0,100,,5243,580,,,0,100,,5253,580,,,0,100,,5244,580,,,0,100,,5254,580,,,0,100,,5245,580,,,0,100,,5255,580,,,0,99,,5246,580,,,0,99,,5256,580,,,0,100,,5247,580,,,0,99,,5257,580,,,0,100,,5248,580,,,0,100,,5258,580,,,0,100,,5249,580,,,0
2001,'TM-A26-TM_GTFS-Fête-1-01',633,,6078,210,,,0,101,,6079,210,,,0,101,,6080,210,,,0,100,,6081,210,,,0,101,,6072,210,,,0,101,,6073,210,,,0,100,,6082,210,,,0,101,,6083,210,,,0,100,,6084,210,,,0,99,,6074,210,,,0,100,,6075,210,,,0,99,,6076,210,,,0,98,,6077,210,,,0,100,,6085,210,,,0,100,,6086,210,,,0,100,,6087,210,,,0,99,,6088,210,,,0,100,,6089,210,,,0,100,,6090,210,,,0
2001,'TM-A26-TM_GTFS-Fête-2-01',534,,6095,210,,,0,101,,6096,210,,,0,70,,6092,210,,,0,30,,6097,210,,,0,72,,6116,210,,,0,30,,6098,210,,,0,70,,6114,210,,,0,30,,6099,210,,,0,100,,6100,210,,,0,101,,6091,210,,,0,100,,6101,210,,,0,100,,6108,210,,,0,98,,6109,210,,,0,99,,6110,210,,,0,100,,6111,210,,,0,65,,6112,210,,,0,30,,6093,210,,,0,70,,6113,210,,,0,30,,6102,210,,,0,71,,6115,210,,,0,29,,6094,210,,,0,105,,6103,210,,,0,99,,6104,210,,,0,98,,6105,210,,,0,100,,6106,210,,,0,100,,6107,210,,,0
2001,'TM-A26-TM_GTFS-Semaine-01',534,,6121,210,,,0,101,,6122,210,,,0,70,,6118,210,,,0,30,,6123,210,,,0,72,,6142,210,,,0,30,,6124,210,,,0,70,,6140,210,,,0,30,,6125,210,,,0,100,,6126,210,,,0,101,,6117,210,,,0,100,,6127,210,,,0,100,,6134,210,,,0,98,,6135,210,,,0,99,,6136,210,,,0,100,,6137,210,,,0,65,,6138,210,,,0,30,,6119,210,,,0,70,,6139,210,,,0,30,,6128,210,,,0,71,,6141,210,,,0,29,,6120,210,,,0,105,,6129,210,,,0,99,,6130,210,,,0,98,,6131,210,,,0,100,,6132,210,,,0,100,,6133,210,,,0
2001,'TM-A26-TM_GTFS-Week-end-01',633,,6149,210,,,0,101,,6150,210,,,0,101,,6151,210,,,0,100,,6152,210,,,0,101,,6143,210,,,0,101,,6144,210,,,0,100,,6153,210,,,0,101,,6154,210,,,0,100,,6155,210,,,0,99,,6145,210,,,0,100,,6146,210,,,0,99,,6147,210,,,0,98,,6148,210,,,0,100,,6156,210,,,0,100,,6157,210,,,0,100,,6158,210,,,0,99,,6159,210,,,0,100,,6160,210,,,0,100,,6161,210,,,0
2100,'TM-A26-TM_GTFS-Fête-2-01',635,,6163,300,0,5,0,93,,6162,520,0,5,0,100,,6164,520,0,5,0,100,,6165,520,0,5,0
2100,'TM-A26-TM_GTFS-Semaine-01',635,,6167,300,0,5,0,93,,6166,520,0,5,0,100,,6168,520,0,5,0,100,,6169,520,0,5,0
2101,'TM-A26-TM_GTFS-Fête-2-01',1635,,6172,520,0,5,0,100,,6171,520,0,5,0,100,,6170,520,0,5,0
2101,'TM-A26-TM_GTFS-Semaine-01',1635,,6175,520,0,5,0,100,,6174,520,0,5,0,100,,6173,520,0,5,0
2701,'TM-A26-TM_GTFS-Semaine-01',559,,6280,170,,,0,98,,6283,170,,,0,100,,6284,170,,,0,100,,6285,260,,,0,769,,6281,260,,,0,103,,6282,260,,,0,100,,6286,260,,,0
