1100,'TM-A26-TM_GTFS-Fête-1-02',628,,7251,560,,,0,100,,7261,560,,,0,101,,7252,560,,,0,101,,7253,560,,,0,100,,7262,560,,,0,101,,7254,560,,,0,100,,7263,560,,,0,100,,7255,560,,,0,100,,7264,560,,,0,100,,7256,560,,,0,100,,7265,560,,,0,100,,7257,560,,,0,99,,7266,560,,,0,100,,7258,560,,,0,100,,7267,560,,,0,98,,7259,560,,,0,100,,7268,560,,,0,100,,7260,560,,,0,100,,7269,560,,,0,100,,7270,560,,,0
1100,'TM-A26-TM_GTFS-Fête-2-02',558,,7271,560,,,0,70,,7293,560,,,0,30,,7282,560,,,0,70,,7278,560,,,0,30,,7272,560,,,0,70,,7294,560,,,0,30,,7283,560,,,0,71,,7286,560,,,0,101,,7290,560,,,0,100,,7287,560,,,0,100,,7291,560,,,0,100,,7288,560,,,0,101,,7292,560,,,0,100,,7299,560,,,0,70,,7279,560,,,0,31,,7281,560,,,0,69,,7284,560,,,0,30,,7273,560,,,0,70,,7280,560,,,0,30,,7295,560,,,0,70,,7285,560,,,0,29,,7274,560,,,0,28,,7289,560,,,0,70,,7296,560,,,0,100,,7275,560,,,0,100,,7297,560,,,0,100,,7276,560,,,0,100,,7298,560,,,0,100,,7277,560,,,0
1100,'TM-A26-TM_GTFS-Semaine-02',558,,7300,560,,,0,70,,7322,560,,,0,30,,7311,560,,,0,70,,7307,560,,,0,30,,7301,560,,,0,70,,7323,560,,,0,30,,7312,560,,,0,71,,7315,560,,,0,101,,7319,560,,,0,100,,7316,560,,,0,100,,7320,560,,,0,100,,7317,560,,,0,101,,7321,560,,,0,100,,7328,560,,,0,70,,7308,560,,,0,31,,7310,560,,,0,69,,7313,560,,,0,30,,7302,560,,,0,70,,7309,560,,,0,30,,7324,560,,,0,70,,7314,560,,,0,29,,7303,560,,,0,28,,7318,560,,,0,70,,7325,560,,,0,100,,7304,560,,,0,100,,7326,560,,,0,100,,7305,560,,,0,100,,7327,560,,,0,100,,7306,560,,,0
1100,'TM-A26-TM_GTFS-Week-end-02',628,,7329,560,,,0,100,,7339,560,,,0,101,,7330,560,,,0,101,,7331,560,,,0,100,,7340,560,,,0,101,,7332,560,,,0,100,,7341,560,,,0,100,,7333,560,,,0,100,,7342,560,,,0,100,,7334,560,,,0,100,,7343,560,,,0,100,,7335,560,,,0,99,,7344,560,,,0,100,,7336,560,,,0,100,,7345,560,,,0,98,,7337,560,,,0,100,,7346,560,,,0,100,,7338,560,,,0,100,,7347,560,,,0,100,,7348,560,,,0
1101,'TM-A26-TM_GTFS-Fête-1-02',603,,7359,110,,,0,100,,7349,110,,,0,100,,7360,110,,,0,101,,7350,110,,,0,100,,7351,110,,,0,100,,7361,110,,,0,100,,7352,110,,,0,100,,7362,110,,,0,100,,7353,110,,,0,100,,7363,110,,,0,100,,7354,110,,,0,100,,7364,110,,,0,100,,7355,110,,,0,100,,7365,110,,,0,100,,7356,110,,,0,99,,7366,110,,,0,100,,7357,110,,,0,100,,7367,110,,,0,100,,7358,110,,,0
1101,'TM-A26-TM_GTFS-Fête-2-02',602,,7373,110,,,0,30,,7368,110,,,0,70,,7388,110,,,0,30,,7378,110,,,0,70,,7381,110,,,0,100,,7389,110,,,0,57,,7382,110,,,0,142,,7385,110,,,0,100,,7383,110,,,0,100,,7386,110,,,0,100,,7384,110,,,0,57,,7387,110,,,0,70,,7379,110,,,0,73,,7393,110,,,0,30,,7374,110,,,0,72,,7376,110,,,0,29,,7380,110,,,0,70,,7369,110,,,0,29,,7375,110,,,0,72,,7390,110,,,0,103,,7370,110,,,0,99,,7391,110,,,0,101,,7371,110,,,0,99,,7392,110,,,0,101,,7372,110,,,0
1101,'TM-A26-TM_GTFS-Semaine-02',602,,7399,110,,,0,30,,7394,110,,,0,70,,7414,110,,,0,30,,7404,110,,,0,70,,7407,110,,,0,100,,7415,110,,,0,57,,7408,110,,,0,142,,7411,110,,,0,100,,7409,110,,,0,100,,7412,110,,,0,100,,7410,110,,,0,57,,7413,110,,,0,70,,7405,110,,,0,73,,7419,110,,,0,30,,7400,110,,,0,72,,7402,110,,,0,29,,7406,110,,,0,70,,7395,110,,,0,29,,7401,110,,,0,72,,7416,110,,,0,103,,7396,110,,,0,99,,7417,110,,,0,101,,7397,110,,,0,99,,7418,110,,,0,101,,7398,110,,,0
1101,'TM-A26-TM_GTFS-Week-end-02',603,,7430,110,,,0,100,,7420,110,,,0,100,,7431,110,,,0,101,,7421,110,,,0,100,,7422,110,,,0,100,,7432,110,,,0,100,,7423,110,,,0,100,,7433,110,,,0,100,,7424,110,,,0,100,,7434,110,,,0,100,,7425,110,,,0,100,,7435,110,,,0,100,,7426,110,,,0,100,,7436,110,,,0,100,,7427,110,,,0,99,,7437,110,,,0,100,,7428,110,,,0,100,,7438,110,,,0,100,,7429,110,,,0
4000,'TM-A26-TM_GTFS-Fête-1-02',726,,8614,280,,,0,397,,8615,280,,,0,500,,8616,280,,,0
4000,'TM-A26-TM_GTFS-Week-end-02',726,,8617,280,,,0,397,,8618,280,,,0,500,,8619,280,,,0
4001,'TM-A26-TM_GTFS-Fête-1-02',812,,8620,130,,,0,402,,8621,130,,,0,498,,8622,130,,,0
4001,'TM-A26-TM_GTFS-Week-end-02',812,,8623,130,,,0,402,,8624,130,,,0,498,,8625,130,,,0
