100,'TM-A26-TM_GTFS-Fête-1-02',625,,6883,280,,,0,96,,6884,570,,,0,100,,6885,570,,,0,101,,6886,570,,,0,100,,6887,570,,,0,100,,6888,570,,,0,100,,6889,570,,,0,100,,6890,570,,,0,104,,6891,640,,,0,100,,6892,640,,,0,100,,6893,640,,,0,100,,6894,640,,,0,99,,6895,640,,,0,100,,6896,640,,,0,100,,6897,640,,,0,100,,6898,640,,,0,99,,6899,640,,,0,100,,6900,640,,,0,100,,6901,640,,,0,99,,6902,640,0,13 3 14,0
100,'TM-A26-TM_GTFS-Fête-2-02',552,,6903,570,,,0,70,,6931,570,,,0,30,,6929,570,,,0,70,,6921,570,,,0,30,,6930,570,,,0,70,,6909,570,,,0,30,,6926,570,,,0,70,,6910,570,,,0,100,,6911,570,,,0,100,,6912,570,,,0,100,,6913,570,,,0,100,,6914,570,,,0,100,,6915,570,,,0,100,,6916,570,,,0,30,,6927,570,,,0,71,,6917,570,,,0,30,,6928,570,,,0,70,,6919,570,,,0,30,,6907,570,,,0,70,,6918,570,,,0,29,,6906,570,,,0,69,,6920,570,,,0,30,,6908,570,,,0,70,,6922,570,,,0,100,,6932,570,,,0,100,,6933,570,,,0,100,,6923,570,,,0,100,,6924,570,,,0,100,,6925,570,0,13 3 14,0
100,'TM-A26-TM_GTFS-Semaine-02',552,,6934,570,,,0,70,,6962,570,,,0,30,,6960,570,,,0,70,,6952,570,,,0,30,,6961,570,,,0,70,,6940,570,,,0,30,,6957,570,,,0,70,,6941,570,,,0,100,,6942,570,,,0,100,,6943,570,,,0,100,,6944,570,,,0,100,,6945,570,,,0,100,,6946,570,,,0,100,,6947,570,,,0,30,,6958,570,,,0,71,,6948,570,,,0,30,,6959,570,,,0,70,,6950,570,,,0,30,,6938,570,,,0,70,,6949,570,,,0,29,,6937,570,,,0,69,,6951,570,,,0,30,,6939,570,,,0,70,,6953,570,,,0,100,,6963,570,,,0,100,,6964,570,,,0,100,,6954,570,,,0,100,,6955,570,,,0,100,,6956,570,0,13 3 14,0
100,'TM-A26-TM_GTFS-Week-end-02',625,,6965,280,,,0,96,,6966,570,,,0,100,,6967,570,,,0,101,,6968,570,,,0,100,,6969,570,,,0,100,,6970,570,,,0,100,,6971,570,,,0,100,,6972,570,,,0,104,,6973,640,,,0,100,,6974,640,,,0,100,,6975,640,,,0,100,,6976,640,,,0,99,,6977,640,,,0,100,,6978,640,,,0,100,,6979,640,,,0,100,,6980,640,,,0,99,,6981,640,,,0,100,,6982,640,,,0,100,,6983,640,,,0,99,,6984,640,0,13 3 14,0
1400,'TM-A26-TM_GTFS-Fête-1-02',637,,7439,300,,,0,100,,7444,300,,,0,99,,7442,300,,,0,99,,7456,300,,,0,99,,7451,300,,,0,100,,7449,300,,,0,99,,7452,300,,,0,100,,7450,300,,,0,100,,7453,300,,,0,102,,7457,300,,,0,100,,7454,300,,,0,100,,7458,300,,,0,100,,7455,300,,,0,100,,7441,300,,,0,100,,7445,300,,,0,100,,7448,300,,,0,100,,7446,300,,,0,102,,7443,300,,,0,100,,7447,300,,,0,100,,7440,300,,,0
1400,'TM-A26-TM_GTFS-Fête-2-02',527,,7474,300,,,0,31,,7467,300,,,0,71,,7475,300,,,0,72,,7480,300,,,0,27,,7468,300,,,0,30,,7476,300,,,0,70,,7466,300,,,0,31,,7469,300,,,0,70,,7477,300,,,0,72,,7470,300,,,0,100,,7481,300,,,0,100,,7483,300,,,0,100,,7482,300,,,0,100,,7459,300,,,0,100,,7464,300,,,0,99,,7460,300,,,0,30,,7478,300,,,0,70,,7465,300,,,0,30,,7461,300,,,0,70,,7484,300,,,0,32,,7471,300,,,0,70,,7462,300,,,0,102,,7485,300,,,0,101,,7463,300,,,0,100,,7472,300,,,0,101,,7479,300,,,0,101,,7473,300,,,0,99,,7486,300,,,0
1400,'TM-A26-TM_GTFS-Semaine-02',527,,7502,300,,,0,31,,7495,300,,,0,71,,7503,300,,,0,72,,7508,300,,,0,27,,7496,300,,,0,30,,7504,300,,,0,70,,7494,300,,,0,31,,7497,300,,,0,70,,7505,300,,,0,72,,7498,300,,,0,100,,7509,300,,,0,100,,7511,300,,,0,100,,7510,300,,,0,100,,7487,300,,,0,100,,7492,300,,,0,99,,7488,300,,,0,30,,7506,300,,,0,70,,7493,300,,,0,30,,7489,300,,,0,70,,7512,300,,,0,32,,7499,300,,,0,70,,7490,300,,,0,102,,7513,300,,,0,101,,7491,300,,,0,100,,7500,300,,,0,101,,7507,300,,,0,101,,7501,300,,,0,99,,7514,300,,,0
1400,'TM-A26-TM_GTFS-Week-end-02',637,,7515,300,,,0,100,,7520,300,,,0,99,,7518,300,,,0,99,,7532,300,,,0,99,,7527,300,,,0,100,,7525,300,,,0,99,,7528,300,,,0,100,,7526,300,,,0,100,,7529,300,,,0,102,,7533,300,,,0,100,,7530,300,,,0,100,,7534,300,,,0,100,,7531,300,,,0,100,,7517,300,,,0,100,,7521,300,,,0,100,,7524,300,,,0,100,,7522,300,,,0,102,,7519,300,,,0,100,,7523,300,,,0,100,,7516,300,,,0
1701,'TM-A26-TM_GTFS-Fête-1-02',628,,7721,510,,,0,100,,7712,510,,,0,100,,7703,510,,,0,100,,7713,510,,,0,100,,7704,510,,,0,100,,7714,510,,,0,100,,7705,510,,,0,100,,7715,510,,,0,100,,7706,510,,,0,100,,7716,510,,,0,100,,7707,510,,,0,100,,7717,510,,,0,100,,7708,510,,,0,100,,7718,510,,,0,99,,7709,510,,,0,100,,7719,510,,,0,100,,7710,510,,,0,100,,7720,510,,,0,100,,7711,510,,,0
1701,'TM-A26-TM_GTFS-Fête-2-02',528,,7725,510,,,0,102,,7734,510,,,0,94,,7726,510,,,0,104,,7735,510,,,0,99,,7727,510,,,0,99,,7736,510,,,0,100,,7728,510,,,0,100,,7737,510,,,0,100,,7729,510,,,0,100,,7738,510,,,0,101,,7730,510,,,0,100,,7739,510,,,0,104,,7731,510,,,0,98,,7722,510,,,0,95,,7732,510,,,0,100,,7723,510,,,0,100,,7733,510,,,0,100,,7724,510,,,0,100,,7740,510,,,0,100,,7741,510,,,0
1701,'TM-A26-TM_GTFS-Semaine-02',528,,7745,510,,,0,102,,7754,510,,,0,94,,7746,510,,,0,104,,7755,510,,,0,99,,7747,510,,,0,99,,7756,510,,,0,100,,7748,510,,,0,100,,7757,510,,,0,100,,7749,510,,,0,100,,7758,510,,,0,101,,7750,510,,,0,100,,7759,510,,,0,104,,7751,510,,,0,98,,7742,510,,,0,95,,7752,510,,,0,100,,7743,510,,,0,100,,7753,510,,,0,100,,7744,510,,,0,100,,7760,510,,,0,100,,7761,510,,,0
1701,'TM-A26-TM_GTFS-Week-end-02',628,,7780,510,,,0,100,,7771,510,,,0,100,,7762,510,,,0,100,,7772,510,,,0,100,,7763,510,,,0,100,,7773,510,,,0,100,,7764,510,,,0,100,,7774,510,,,0,100,,7765,510,,,0,100,,7775,510,,,0,100,,7766,510,,,0,100,,7776,510,,,0,100,,7767,510,,,0,100,,7777,510,,,0,99,,7768,510,,,0,100,,7778,510,,,0,100,,7769,510,,,0,100,,7779,510,,,0,100,,7770,510,,,0
