4000,'TM-A26-TM_GTFS-Fête-1-02',712,,8614,90,,,0,396,,8615,90,,,0,500,,8616,90,,,0
4000,'TM-A26-TM_GTFS-Week-end-02',712,,8617,90,,,0,396,,8618,90,,,0,500,,8619,90,,,0
4001,'TM-A26-TM_GTFS-Fête-1-02',804,,8620,40,,,0,400,,8621,40,,,0,499,,8622,40,,,0
4001,'TM-A26-TM_GTFS-Week-end-02',804,,8623,40,,,0,400,,8624,40,,,0,499,,8625,40,,,0
14000,'TM-A26-TM_GTFS-Fête-2-02',514,,8642,90,,,0,40,,8634,90,,,0,60,,8636,90,,,0,20,,8645,90,,,0,20,,8632,90,,,0,60,,8641,90,,,0,25,,8643,90,,,0,71,,8640,90,,,0,390,,8644,90,,,0,108,,8638,90,,,0,219,,8637,90,,,0,189,,8635,90,,,0,135,,8639,90,,,0,293,,8633,90,,,0
14000,'TM-A26-TM_GTFS-Semaine-02',514,,8656,90,,,0,40,,8648,90,,,0,60,,8650,90,,,0,20,,8659,90,,,0,20,,8646,90,,,0,60,,8655,90,,,0,25,,8657,90,,,0,71,,8654,90,,,0,390,,8658,90,,,0,108,,8652,90,,,0,219,,8651,90,,,0,189,,8649,90,,,0,135,,8653,90,,,0,293,,8647,90,,,0
14001,'TM-A26-TM_GTFS-Fête-2-02',633,,8671,40,,,0,106,,8666,40,,,0,97,,8670,40,,,0,470,,8668,40,,,0,208,,8663,40,,,0,97,,8667,40,,,0,42,,8665,40,,,0,67,,8669,40,,,0,30,,8672,40,,,0,80,,8660,40,,,0,70,,8664,40,,,0,58,,8661,40,,,0,292,,8662,40,,,0
14001,'TM-A26-TM_GTFS-Semaine-02',633,,8684,40,,,0,106,,8679,40,,,0,97,,8683,40,,,0,470,,8681,40,,,0,208,,8676,40,,,0,97,,8680,40,,,0,42,,8678,40,,,0,67,,8682,40,,,0,30,,8685,40,,,0,80,,8673,40,,,0,70,,8677,40,,,0,58,,8674,40,,,0,292,,8675,40,,,0
3001100,'TM-A26-TM_GTFS-Semaine-02',703,,8890,10,,,0
3001101,'TM-A26-TM_GTFS-Semaine-02',1659,,8891,90,,,0,99,,8892,90,,,0
