900,'TM-A26-TM_GTFS-Fête-2-01',623,,5033,460,,,0,98,,5039,460,,,0,100,,5036,460,,,0,103,,5037,460,,,0,101,,5031,460,,,0,100,,5032,460,,,0,302,,5038,190,,,0,200,,5034,190,,,0,200,,5035,190,,,0
900,'TM-A26-TM_GTFS-Semaine-01',623,,5042,460,,,0,98,,5048,460,,,0,100,,5045,460,,,0,103,,5046,460,,,0,101,,5040,460,,,0,100,,5041,460,,,0,302,,5047,190,,,0,200,,5043,190,,,0,200,,5044,190,,,0
901,'TM-A26-TM_GTFS-Fête-2-01',739,,5059,260,0,9 10,0,170,,5057,260,0,9 10,0,99,,5058,260,0,9 10,0,201,,5049,260,,,0,100,,5050,260,0,9 10,0,200,,5056,260,,,0,101,,5051,260,,,0,99,,5054,260,,,0,100,,5053,260,,,0,99,,5055,260,,,0,300,,5052,260,,,0
901,'TM-A26-TM_GTFS-Semaine-01',739,,5070,260,0,9 10,0,170,,5068,260,0,9 10,0,99,,5069,260,0,9 10,0,201,,5060,260,,,0,100,,5061,260,0,9 10,0,200,,5067,260,,,0,101,,5062,260,,,0,99,,5065,260,,,0,100,,5064,260,,,0,99,,5066,260,,,0,300,,5063,260,,,0
1800,'TM-A26-TM_GTFS-Fête-1-01',707,,5604,270,,,0,100,,5605,270,,,0,100,,5606,270,,,0,400,,5607,270,,,0,200,,5601,270,,,0,100,,5602,270,,,0,100,,5603,270,,,0,300,,5608,270,,,0
1800,'TM-A26-TM_GTFS-Fête-2-01',638,,5618,270,,,0,100,,5610,270,,,0,70,,5614,270,,,0,30,,5611,270,,,0,170,,5615,270,,,0,200,,5616,270,,,0,200,,5617,270,,,0,130,,5612,270,,,0,100,,5621,270,,,0,100,,5622,270,,,0,72,,5619,10,,,0,98,,5620,270,,,0,200,,5613,270,,,0
1800,'TM-A26-TM_GTFS-Semaine-01',638,,5632,270,,,0,100,,5624,270,,,0,70,,5628,270,,,0,30,,5625,270,,,0,170,,5629,270,,,0,200,,5630,270,,,0,200,,5631,270,,,0,130,,5626,270,,,0,100,,5635,270,,,0,100,,5636,270,,,0,72,,5633,10,,,0,98,,5634,270,,,0,200,,5627,270,,,0
1800,'TM-A26-TM_GTFS-Week-end-01',707,,5640,270,,,0,100,,5641,270,,,0,100,,5642,270,,,0,400,,5643,270,,,0,200,,5637,270,,,0,100,,5638,270,,,0,100,,5639,270,,,0,300,,5644,270,,,0
1801,'TM-A26-TM_GTFS-Fête-2-01',614,,5647,270,0,6 7,0,100,,5648,270,0,6 7,0,93,,5656,270,0,6 7,0,107,,5649,270,0,6 7,0,200,,5650,270,0,6 7,0,200,,5651,270,0,6 7,0,200,,5652,270,0,6 7,0,104,,5646,270,0,6 7,0,100,,5654,270,0,6 7,0,97,,5653,270,0,6 7,0,198,,5645,270,0,6 7,0,200,,5655,270,0,6 7,0
1801,'TM-A26-TM_GTFS-Semaine-01',614,,5660,270,0,6 7,0,100,,5661,270,0,6 7,0,93,,5669,270,0,6 7,0,107,,5662,270,0,6 7,0,200,,5663,270,0,6 7,0,200,,5664,270,0,6 7,0,200,,5665,270,0,6 7,0,104,,5659,270,0,6 7,0,100,,5667,270,0,6 7,0,97,,5666,270,0,6 7,0,198,,5658,270,0,6 7,0,200,,5668,270,0,6 7,0
2200,'TM-A26-TM_GTFS-Semaine-01',730,,6176,340,4,,0,106,,6177,340,4,,0,409,,6178,340,4,,0
2201,'TM-A26-TM_GTFS-Semaine-01',1145,,6179,10,,,0,109,,6180,10,,,0,191,,6184,10,,,0,113,,6181,10,,,0,156,,6182,10,,,0,101,,6183,10,,,0
2700,'TM-A26-TM_GTFS-Semaine-01',747,,6278,320,4,,0,100,,6273,320,4,,0,709,,6276,320,4,,0,103,,6277,320,4,,0,97,,6275,320,4,,0,96,,6274,320,4,,0,100,,6279,320,4,,0
2701,'TM-A26-TM_GTFS-Semaine-01',835,,6285,10,,,0,766,,6281,10,,,0,103,,6282,10,,,0,103,,6286,10,,,0
3001100,'TM-A26-TM_GTFS-Semaine-01',732,,6710,110,4,,0
3001101,'TM-A26-TM_GTFS-Semaine-01',1630,,6711,10,,,0,100,,6712,10,,,0
3002400,'TM-A26-TM_GTFS-Semaine-01',940,,6713,60,4,,0,195,,6714,60,4,,0
