100,'TM-A26-TM_GTFS-Fête-1-02',705,,6884,280,,,0,100,,6885,280,,,0,100,,6886,280,,,0,100,,6887,280,,,0,100,,6888,280,,,0,100,,6889,280,,,0,100,,6890,280,,,0,104,,6891,350,,,0,100,,6892,350,,,0,100,,6893,350,,,0,100,,6894,350,,,0,100,,6895,350,,,0,100,,6896,350,,,0,100,,6897,350,,,0,100,,6898,350,,,0,100,,6899,350,,,0,100,,6900,350,,,0,100,,6901,350,,,0,99,,6902,350,0,13 3 14,0
100,'TM-A26-TM_GTFS-Fête-2-02',535,,6903,280,,,0,71,,6931,280,,,0,30,,6929,280,,,0,70,,6921,280,,,0,30,,6930,280,,,0,70,,6909,280,,,0,30,,6926,280,,,0,69,,6910,280,,,0,100,,6911,280,,,0,100,,6912,280,,,0,100,,6913,280,,,0,100,,6914,280,,,0,100,,6915,280,,,0,100,,6916,280,,,0,30,,6927,280,,,0,71,,6917,280,,,0,30,,6928,280,,,0,70,,6919,280,,,0,30,,6907,280,,,0,70,,6918,280,,,0,29,,6906,280,,,0,70,,6920,280,,,0,30,,6908,280,,,0,70,,6922,280,,,0,100,,6932,280,,,0,100,,6933,280,,,0,100,,6923,280,,,0,100,,6924,280,,,0,100,,6925,280,0,13 3 14,0
100,'TM-A26-TM_GTFS-Semaine-02',535,,6934,280,,,0,71,,6962,280,,,0,30,,6960,280,,,0,70,,6952,280,,,0,30,,6961,280,,,0,70,,6940,280,,,0,30,,6957,280,,,0,69,,6941,280,,,0,100,,6942,280,,,0,100,,6943,280,,,0,100,,6944,280,,,0,100,,6945,280,,,0,100,,6946,280,,,0,100,,6947,280,,,0,30,,6958,280,,,0,71,,6948,280,,,0,30,,6959,280,,,0,70,,6950,280,,,0,30,,6938,280,,,0,70,,6949,280,,,0,29,,6937,280,,,0,70,,6951,280,,,0,30,,6939,280,,,0,70,,6953,280,,,0,100,,6963,280,,,0,100,,6964,280,,,0,100,,6954,280,,,0,100,,6955,280,,,0,100,,6956,280,0,13 3 14,0
100,'TM-A26-TM_GTFS-Week-end-02',705,,6966,280,,,0,100,,6967,280,,,0,100,,6968,280,,,0,100,,6969,280,,,0,100,,6970,280,,,0,100,,6971,280,,,0,100,,6972,280,,,0,104,,6973,350,,,0,100,,6974,350,,,0,100,,6975,350,,,0,100,,6976,350,,,0,100,,6977,350,,,0,100,,6978,350,,,0,100,,6979,350,,,0,100,,6980,350,,,0,100,,6981,350,,,0,100,,6982,350,,,0,100,,6983,350,,,0,99,,6984,350,0,13 3 14,0
1400,'TM-A26-TM_GTFS-Fête-1-02',640,,7439,350,,,0,100,,7444,350,,,0,99,,7442,350,,,0,99,,7456,350,,,0,100,,7451,350,,,0,100,,7449,350,,,0,99,,7452,350,,,0,100,,7450,350,,,0,100,,7453,350,,,0,101,,7457,350,,,0,100,,7454,350,,,0,100,,7458,350,,,0,100,,7455,350,,,0,100,,7441,350,,,0,100,,7445,350,,,0,100,,7448,350,,,0,100,,7446,350,,,0,102,,7443,350,,,0,100,,7447,350,,,0,100,,7440,350,,,0
1400,'TM-A26-TM_GTFS-Fête-2-02',530,,7474,350,,,0,72,,7467,350,,,0,31,,7475,350,,,0,72,,7480,350,,,0,27,,7468,350,,,0,70,,7476,350,,,0,30,,7466,350,,,0,70,,7469,350,,,0,30,,7477,350,,,0,72,,7470,350,,,0,100,,7481,350,,,0,100,,7483,350,,,0,100,,7482,350,,,0,100,,7459,350,,,0,100,,7464,350,,,0,100,,7460,350,,,0,30,,7478,350,,,0,70,,7465,350,,,0,30,,7461,350,,,0,70,,7484,350,,,0,31,,7471,350,,,0,70,,7462,350,,,0,102,,7485,350,,,0,101,,7463,350,,,0,100,,7472,350,,,0,101,,7479,350,,,0,101,,7473,350,,,0,99,,7486,350,,,0
1400,'TM-A26-TM_GTFS-Semaine-02',530,,7502,350,,,0,72,,7495,350,,,0,31,,7503,350,,,0,72,,7508,350,,,0,27,,7496,350,,,0,70,,7504,350,,,0,30,,7494,350,,,0,70,,7497,350,,,0,30,,7505,350,,,0,72,,7498,350,,,0,100,,7509,350,,,0,100,,7511,350,,,0,100,,7510,350,,,0,100,,7487,350,,,0,100,,7492,350,,,0,100,,7488,350,,,0,30,,7506,350,,,0,70,,7493,350,,,0,30,,7489,350,,,0,70,,7512,350,,,0,31,,7499,350,,,0,70,,7490,350,,,0,102,,7513,350,,,0,101,,7491,350,,,0,100,,7500,350,,,0,101,,7507,350,,,0,101,,7501,350,,,0,99,,7514,350,,,0
1400,'TM-A26-TM_GTFS-Week-end-02',640,,7515,350,,,0,100,,7520,350,,,0,99,,7518,350,,,0,99,,7532,350,,,0,100,,7527,350,,,0,100,,7525,350,,,0,99,,7528,350,,,0,100,,7526,350,,,0,100,,7529,350,,,0,101,,7533,350,,,0,100,,7530,350,,,0,100,,7534,350,,,0,100,,7531,350,,,0,100,,7517,350,,,0,100,,7521,350,,,0,100,,7524,350,,,0,100,,7522,350,,,0,102,,7519,350,,,0,100,,7523,350,,,0,100,,7516,350,,,0
1701,'TM-A26-TM_GTFS-Fête-1-02',631,,7721,560,,,0,100,,7712,560,,,0,100,,7703,560,,,0,100,,7713,560,,,0,100,,7704,560,,,0,100,,7714,560,,,0,100,,7705,560,,,0,100,,7715,560,,,0,100,,7706,560,,,0,100,,7716,560,,,0,100,,7707,560,,,0,100,,7717,560,,,0,100,,7708,560,,,0,100,,7718,560,,,0,99,,7709,560,,,0,100,,7719,560,,,0,100,,7710,560,,,0,100,,7720,560,,,0,100,,7711,560,,,0
1701,'TM-A26-TM_GTFS-Fête-2-02',531,,7725,560,,,0,102,,7734,560,,,0,94,,7726,560,,,0,104,,7735,560,,,0,100,,7727,560,,,0,99,,7736,560,,,0,100,,7728,560,,,0,100,,7737,560,,,0,100,,7729,560,,,0,100,,7738,560,,,0,101,,7730,560,,,0,100,,7739,560,,,0,104,,7731,560,,,0,97,,7722,560,,,0,95,,7732,560,,,0,100,,7723,560,,,0,100,,7733,560,,,0,100,,7724,560,,,0,100,,7740,560,,,0,100,,7741,560,,,0
1701,'TM-A26-TM_GTFS-Semaine-02',531,,7745,560,,,0,102,,7754,560,,,0,94,,7746,560,,,0,104,,7755,560,,,0,100,,7747,560,,,0,99,,7756,560,,,0,100,,7748,560,,,0,100,,7757,560,,,0,100,,7749,560,,,0,100,,7758,560,,,0,101,,7750,560,,,0,100,,7759,560,,,0,104,,7751,560,,,0,97,,7742,560,,,0,95,,7752,560,,,0,100,,7743,560,,,0,100,,7753,560,,,0,100,,7744,560,,,0,100,,7760,560,,,0,100,,7761,560,,,0
1701,'TM-A26-TM_GTFS-Week-end-02',631,,7780,560,,,0,100,,7771,560,,,0,100,,7762,560,,,0,100,,7772,560,,,0,100,,7763,560,,,0,100,,7773,560,,,0,100,,7764,560,,,0,100,,7774,560,,,0,100,,7765,560,,,0,100,,7775,560,,,0,100,,7766,560,,,0,100,,7776,560,,,0,100,,7767,560,,,0,100,,7777,560,,,0,99,,7768,560,,,0,100,,7778,560,,,0,100,,7769,560,,,0,100,,7779,560,,,0,100,,7770,560,,,0
1800,'TM-A26-TM_GTFS-Fête-1-02',723,,7784,480,,,0,100,,7785,480,,,0,100,,7786,480,,,0,400,,7787,480,,,0,200,,7781,480,,,0,100,,7782,480,,,0,100,,7783,480,,,0,299,,7788,480,,,0
1800,'TM-A26-TM_GTFS-Fête-2-02',553,,7789,170,,,0,102,,7798,480,,,0,100,,7790,480,,,0,70,,7794,480,,,0,29,,7791,480,,,0,170,,7795,480,,,0,200,,7796,480,,,0,200,,7797,480,,,0,130,,7792,480,,,0,100,,7801,480,,,0,100,,7802,480,,,0,71,,7799,220,,,0,98,,7800,480,,,0,200,,7793,480,,,0
1800,'TM-A26-TM_GTFS-Semaine-02',553,,7803,170,,,0,102,,7812,480,,,0,100,,7804,480,,,0,70,,7808,480,,,0,29,,7805,480,,,0,170,,7809,480,,,0,200,,7810,480,,,0,200,,7811,480,,,0,130,,7806,480,,,0,100,,7815,480,,,0,100,,7816,480,,,0,71,,7813,220,,,0,98,,7814,480,,,0,200,,7807,480,,,0
1800,'TM-A26-TM_GTFS-Week-end-02',723,,7820,480,,,0,100,,7821,480,,,0,100,,7822,480,,,0,400,,7823,480,,,0,200,,7817,480,,,0,100,,7818,480,,,0,100,,7819,480,,,0,299,,7824,480,,,0
2301,'TM-A26-TM_GTFS-Fête-2-02',800,,8377,130,,,0,102,,8380,130,,,0,799,,8378,130,,,0,134,,8379,130,,,0
2301,'TM-A26-TM_GTFS-Semaine-02',800,,8381,130,,,0,102,,8384,130,,,0,356,,8386,130,,,0,200,,8385,130,,,0,243,,8382,130,,,0,134,,8383,130,,,0
2701,'TM-A26-TM_GTFS-Semaine-02',547,,8460,30,,,0,98,,8463,30,,,0,100,,8464,30,,,0,99,,8465,120,,,0,769,,8461,120,,,0,103,,8462,120,,,0,100,,8466,120,,,0
