1401,'TM-A26-TM_GTFS-Fête-1-01',800,,5360,170,,,0,103,,5357,170,,,0,101,,5371,170,,,0,101,,5367,170,,,0,101,,5365,170,,,0,100,,5368,170,,,0,101,,5366,170,,,0,100,,5369,170,,,0,100,,5372,170,,,0,99,,5370,170,,,0,100,,5355,170,,,0,99,,5358,170,,,0,99,,5356,170,,,0,100,,5361,170,,,0,97,,5364,170,,,0,103,,5362,170,,,0,99,,5359,170,,,0,100,,5363,170,,,0
1401,'TM-A26-TM_GTFS-Fête-2-01',634,,5380,170,,,0,70,,5388,170,,,0,30,,5399,170,,,0,70,,5381,170,,,0,30,,5389,170,,,0,70,,5379,170,,,0,30,,5382,170,,,0,70,,5390,170,,,0,30,,5383,170,,,0,101,,5392,170,,,0,101,,5394,170,,,0,100,,5393,170,,,0,102,,5373,170,,,0,102,,5378,170,,,0,102,,5374,170,,,0,70,,5395,170,,,0,29,,5384,170,,,0,67,,5375,170,,,0,28,,5396,170,,,0,70,,5385,170,,,0,29,,5376,170,,,0,100,,5397,170,,,0,100,,5377,170,,,0,99,,5386,170,,,0,99,,5391,170,,,0,99,,5387,170,,,0,100,,5398,170,,,0
1401,'TM-A26-TM_GTFS-Semaine-01',634,,5407,170,,,0,70,,5415,170,,,0,30,,5426,170,,,0,70,,5408,170,,,0,30,,5416,170,,,0,70,,5406,170,,,0,30,,5409,170,,,0,70,,5417,170,,,0,30,,5410,170,,,0,101,,5419,170,,,0,101,,5421,170,,,0,100,,5420,170,,,0,102,,5400,170,,,0,102,,5405,170,,,0,102,,5401,170,,,0,70,,5422,170,,,0,29,,5411,170,,,0,67,,5402,170,,,0,28,,5423,170,,,0,70,,5412,170,,,0,29,,5403,170,,,0,100,,5424,170,,,0,100,,5404,170,,,0,99,,5413,170,,,0,99,,5418,170,,,0,99,,5414,170,,,0,100,,5425,170,,,0
1401,'TM-A26-TM_GTFS-Week-end-01',800,,5432,170,,,0,103,,5429,170,,,0,101,,5443,170,,,0,101,,5439,170,,,0,101,,5437,170,,,0,100,,5440,170,,,0,101,,5438,170,,,0,100,,5441,170,,,0,100,,5444,170,,,0,99,,5442,170,,,0,100,,5427,170,,,0,99,,5430,170,,,0,99,,5428,170,,,0,100,,5433,170,,,0,97,,5436,170,,,0,103,,5434,170,,,0,99,,5431,170,,,0,100,,5435,170,,,0
1700,'TM-A26-TM_GTFS-Fête-1-01',702,,5445,170,,,0,100,,5455,170,,,0,101,,5446,170,,,0,101,,5456,170,,,0,100,,5447,170,,,0,101,,5457,170,,,0,100,,5448,170,,,0,101,,5458,170,,,0,100,,5449,170,,,0,100,,5459,170,,,0,100,,5450,170,,,0,99,,5460,170,,,0,99,,5451,170,,,0,100,,5461,170,,,0,100,,5452,170,,,0,100,,5462,170,,,0,99,,5453,170,,,0,99,,5463,170,,,0,100,,5454,170,,,0
1700,'TM-A26-TM_GTFS-Fête-2-01',603,,5468,170,,,0,101,,5476,170,,,0,100,,5469,170,,,0,100,,5477,170,,,0,101,,5470,170,,,0,100,,5464,170,,,0,100,,5471,170,,,0,100,,5478,170,,,0,101,,5472,170,,,0,102,,5479,170,,,0,103,,5473,170,,,0,100,,5465,170,,,0,96,,5474,170,,,0,98,,5466,170,,,0,99,,5475,170,,,0,100,,5467,170,,,0,100,,5481,170,,,0,99,,5483,170,,,0,100,,5482,170,,,0,98,,5480,170,,,0
1700,'TM-A26-TM_GTFS-Semaine-01',603,,5488,170,,,0,101,,5496,170,,,0,100,,5489,170,,,0,100,,5497,170,,,0,101,,5490,170,,,0,100,,5484,170,,,0,100,,5491,170,,,0,100,,5498,170,,,0,101,,5492,170,,,0,102,,5499,170,,,0,103,,5493,170,,,0,100,,5485,170,,,0,96,,5494,170,,,0,98,,5486,170,,,0,99,,5495,170,,,0,100,,5487,170,,,0,100,,5501,170,,,0,99,,5503,170,,,0,100,,5502,170,,,0,98,,5500,170,,,0
1700,'TM-A26-TM_GTFS-Week-end-01',702,,5504,170,,,0,100,,5514,170,,,0,101,,5505,170,,,0,101,,5515,170,,,0,100,,5506,170,,,0,101,,5516,170,,,0,100,,5507,170,,,0,101,,5517,170,,,0,100,,5508,170,,,0,100,,5518,170,,,0,100,,5509,170,,,0,99,,5519,170,,,0,99,,5510,170,,,0,100,,5520,170,,,0,100,,5511,170,,,0,100,,5521,170,,,0,99,,5512,170,,,0,99,,5522,170,,,0,100,,5513,170,,,0
2000001500,'TM-A26-TM_GTFS-Fête-2-01',1227,,6769,100,,,0,400,,6770,100,,,0,100,,6771,100,,,0,100,,6772,100,,,0
2000001500,'TM-A26-TM_GTFS-Semaine-01',1227,,6773,100,,,0,400,,6774,100,,,0,100,,6775,100,,,0,100,,6776,100,,,0
