300,'TM-A26-TM_GTFS-Fête-1-02',632,,7047,530,,,0,201,,7048,650,,,0,208,,7049,650,,,0,200,,7050,650,,,0,200,,7051,650,,,0,195,,7052,650,,,0,197,,7053,650,,,0,199,,7054,650,,,0,200,,7055,650,,,0,198,,7056,650,,,0
300,'TM-A26-TM_GTFS-Fête-2-02',539,,7058,520,,,0,99,,7059,640,,,0,70,,7075,640,,,0,31,,7069,640,,,0,70,,7074,640,,,0,32,,7068,640,,,0,100,,7063,640,,,0,200,,7064,640,,,0,200,,7065,640,,,0,171,,7067,640,,,0,105,,7066,640,,,0,99,,7072,640,,,0,28,,7071,640,,,0,66,,7073,640,,,0,30,,7070,640,,,0,95,,7057,640,,,0,167,,7060,640,,,0,100,,7061,640,,,0,227,,7062,640,,,0
300,'TM-A26-TM_GTFS-Semaine-02',539,,7077,520,,,0,99,,7078,640,,,0,70,,7094,640,,,0,31,,7088,640,,,0,70,,7093,640,,,0,32,,7087,640,,,0,100,,7082,640,,,0,200,,7083,640,,,0,200,,7084,640,,,0,171,,7086,640,,,0,105,,7085,640,,,0,99,,7091,640,,,0,28,,7090,640,,,0,66,,7092,640,,,0,30,,7089,640,,,0,95,,7076,640,,,0,167,,7079,640,,,0,100,,7080,640,,,0,227,,7081,640,,,0
300,'TM-A26-TM_GTFS-Week-end-02',632,,7095,530,,,0,201,,7096,650,,,0,208,,7097,650,,,0,200,,7098,650,,,0,200,,7099,650,,,0,195,,7100,650,,,0,197,,7101,650,,,0,199,,7102,650,,,0,200,,7103,650,,,0,198,,7104,650,,,0
400,'TM-A26-TM_GTFS-Fête-2-02',1700,,7109,420,,,0,50,,7105,420,,,0,100,,7106,420,,,0,294,,7107,420,,,0,275,,7108,420,,,0
400,'TM-A26-TM_GTFS-Semaine-02',1700,,7114,420,,,0,50,,7110,420,,,0,100,,7111,420,,,0,294,,7112,420,,,0,275,,7113,420,,,0
401,'TM-A26-TM_GTFS-Fête-2-02',607,,7116,490,,,0,101,,7118,490,,,0,100,,7117,490,,,0,101,,7115,490,,,0,1031,,7119,490,,,0
401,'TM-A26-TM_GTFS-Semaine-02',607,,7121,490,,,0,101,,7123,490,,,0,100,,7122,490,,,0,101,,7120,490,,,0,1031,,7124,490,,,0
800,'TM-A26-TM_GTFS-Fête-1-02',703,,7132,220,,,0,100,,7133,220,,,0,100,,7134,220,,,0,101,,7135,220,,,0,100,,7136,220,,,0,100,,7137,220,,,0,100,,7138,220,,,0,100,,7139,220,,,0,100,,7140,220,,,0,100,,7141,220,,,0,100,,7142,220,,,0,99,,7143,220,,,0,100,,7144,220,,,0,100,,7145,220,,,0,100,,7146,220,,,0,100,,7147,220,,,0,100,,7148,220,,,0,100,,7149,220,,,0,99,,7150,220,0,16,0
800,'TM-A26-TM_GTFS-Fête-2-02',603,,7162,220,,,0,102,,7157,220,,,0,100,,7153,220,,,0,100,,7154,220,,,0,100,,7160,220,,,0,100,,7161,220,,,0,100,,7151,220,,,0,100,,7152,220,,,0,100,,7158,220,,,0,100,,7163,220,,,0,100,,7159,220,,,0,100,,7155,220,,,0,99,,7156,220,,,0,100,,7164,220,,,0,100,,7165,220,,,0,100,,7166,220,,,0,100,,7167,220,,,0,100,,7168,220,,,0,100,,7169,220,,,0,98,,7170,220,0,16,0
800,'TM-A26-TM_GTFS-Semaine-02',603,,7182,220,,,0,102,,7177,220,,,0,100,,7173,220,,,0,100,,7174,220,,,0,100,,7180,220,,,0,100,,7181,220,,,0,100,,7171,220,,,0,100,,7172,220,,,0,100,,7178,220,,,0,100,,7183,220,,,0,100,,7179,220,,,0,100,,7175,220,,,0,99,,7176,220,,,0,100,,7184,220,,,0,100,,7185,220,,,0,100,,7186,220,,,0,100,,7187,220,,,0,100,,7188,220,,,0,100,,7189,220,,,0,98,,7190,220,0,16,0
800,'TM-A26-TM_GTFS-Week-end-02',703,,7192,220,,,0,100,,7193,220,,,0,100,,7194,220,,,0,101,,7195,220,,,0,100,,7196,220,,,0,100,,7197,220,,,0,100,,7198,220,,,0,100,,7199,220,,,0,100,,7200,220,,,0,100,,7201,220,,,0,100,,7202,220,,,0,99,,7203,220,,,0,100,,7204,220,,,0,100,,7205,220,,,0,100,,7206,220,,,0,100,,7207,220,,,0,100,,7208,220,,,0,100,,7209,220,,,0,99,,7210,220,0,16,0
1101,'TM-A26-TM_GTFS-Fête-1-02',638,,7359,660,,,0,100,,7349,660,,,0,100,,7360,660,,,0,101,,7350,660,,,0,101,,7351,660,,,0,100,,7361,660,,,0,100,,7352,660,,,0,100,,7362,660,,,0,100,,7353,660,,,0,100,,7363,660,,,0,100,,7354,660,,,0,100,,7364,660,,,0,99,,7355,660,,,0,98,,7365,660,,,0,100,,7356,660,,,0,99,,7366,660,,,0,100,,7357,660,,,0,100,,7367,660,,,0,100,,7358,660,,,0
1101,'TM-A26-TM_GTFS-Fête-2-02',607,,7377,550,,,0,30,,7373,660,,,0,70,,7368,660,,,0,30,,7388,660,,,0,70,,7378,660,,,0,30,,7381,660,,,0,100,,7389,660,,,0,101,,7382,660,,,0,102,,7385,660,,,0,100,,7383,660,,,0,100,,7386,660,,,0,100,,7384,660,,,0,97,,7387,660,,,0,70,,7379,660,,,0,32,,7393,660,,,0,70,,7374,660,,,0,31,,7376,660,,,0,69,,7380,660,,,0,29,,7369,660,,,0,69,,7375,660,,,0,30,,7390,660,,,0,103,,7370,660,,,0,99,,7391,660,,,0,100,,7371,660,,,0,99,,7392,660,,,0,101,,7372,660,,,0
1101,'TM-A26-TM_GTFS-Semaine-02',607,,7403,550,,,0,30,,7399,660,,,0,70,,7394,660,,,0,30,,7414,660,,,0,70,,7404,660,,,0,30,,7407,660,,,0,100,,7415,660,,,0,101,,7408,660,,,0,102,,7411,660,,,0,100,,7409,660,,,0,100,,7412,660,,,0,100,,7410,660,,,0,97,,7413,660,,,0,70,,7405,660,,,0,32,,7419,660,,,0,70,,7400,660,,,0,31,,7402,660,,,0,69,,7406,660,,,0,29,,7395,660,,,0,69,,7401,660,,,0,30,,7416,660,,,0,103,,7396,660,,,0,99,,7417,660,,,0,100,,7397,660,,,0,99,,7418,660,,,0,101,,7398,660,,,0
1101,'TM-A26-TM_GTFS-Week-end-02',638,,7430,660,,,0,100,,7420,660,,,0,100,,7431,660,,,0,101,,7421,660,,,0,101,,7422,660,,,0,100,,7432,660,,,0,100,,7423,660,,,0,100,,7433,660,,,0,100,,7424,660,,,0,100,,7434,660,,,0,100,,7425,660,,,0,100,,7435,660,,,0,99,,7426,660,,,0,98,,7436,660,,,0,100,,7427,660,,,0,99,,7437,660,,,0,100,,7428,660,,,0,100,,7438,660,,,0,100,,7429,660,,,0
2001,'TM-A26-TM_GTFS-Fête-1-02',636,,8258,290,,,0,102,,8259,290,,,0,101,,8260,290,,,0,100,,8261,290,,,0,101,,8252,290,,,0,101,,8253,290,,,0,100,,8262,290,,,0,101,,8263,290,,,0,100,,8264,290,,,0,99,,8254,290,,,0,100,,8255,290,,,0,99,,8256,290,,,0,98,,8257,290,,,0,100,,8265,290,,,0,100,,8266,290,,,0,100,,8267,290,,,0,99,,8268,290,,,0,100,,8269,290,,,0,100,,8270,290,,,0
2001,'TM-A26-TM_GTFS-Fête-2-02',538,,8275,290,,,0,101,,8276,290,,,0,70,,8272,290,,,0,30,,8277,290,,,0,72,,8296,290,,,0,30,,8278,290,,,0,70,,8294,290,,,0,30,,8279,290,,,0,100,,8280,290,,,0,101,,8271,290,,,0,100,,8281,290,,,0,100,,8288,290,,,0,100,,8289,290,,,0,99,,8290,290,,,0,100,,8291,290,,,0,64,,8292,290,,,0,30,,8273,290,,,0,70,,8293,290,,,0,30,,8282,290,,,0,71,,8295,290,,,0,28,,8274,290,,,0,105,,8283,290,,,0,99,,8284,290,,,0,97,,8285,290,,,0,100,,8286,290,,,0,100,,8287,290,,,0
2001,'TM-A26-TM_GTFS-Semaine-02',538,,8301,290,,,0,101,,8302,290,,,0,70,,8298,290,,,0,30,,8303,290,,,0,72,,8322,290,,,0,30,,8304,290,,,0,70,,8320,290,,,0,30,,8305,290,,,0,100,,8306,290,,,0,101,,8297,290,,,0,100,,8307,290,,,0,100,,8314,290,,,0,100,,8315,290,,,0,99,,8316,290,,,0,100,,8317,290,,,0,64,,8318,290,,,0,30,,8299,290,,,0,70,,8319,290,,,0,30,,8308,290,,,0,71,,8321,290,,,0,28,,8300,290,,,0,105,,8309,290,,,0,99,,8310,290,,,0,97,,8311,290,,,0,100,,8312,290,,,0,100,,8313,290,,,0
2001,'TM-A26-TM_GTFS-Week-end-02',636,,8329,290,,,0,102,,8330,290,,,0,101,,8331,290,,,0,100,,8332,290,,,0,101,,8323,290,,,0,101,,8324,290,,,0,100,,8333,290,,,0,101,,8334,290,,,0,100,,8335,290,,,0,99,,8325,290,,,0,100,,8326,290,,,0,99,,8327,290,,,0,98,,8328,290,,,0,100,,8336,290,,,0,100,,8337,290,,,0,100,,8338,290,,,0,99,,8339,290,,,0,100,,8340,290,,,0,100,,8341,290,,,0
2100,'TM-A26-TM_GTFS-Fête-2-02',638,,8343,380,0,5,0,94,,8342,600,0,5,0,100,,8344,600,0,5,0,100,,8345,600,0,5,0
2100,'TM-A26-TM_GTFS-Semaine-02',638,,8347,380,0,5,0,94,,8346,600,0,5,0,100,,8348,600,0,5,0,100,,8349,600,0,5,0
2101,'TM-A26-TM_GTFS-Fête-2-02',1640,,8352,600,0,5,0,99,,8351,600,0,5,0,100,,8350,600,0,5,0
2101,'TM-A26-TM_GTFS-Semaine-02',1640,,8355,600,0,5,0,99,,8354,600,0,5,0,100,,8353,600,0,5,0
2701,'TM-A26-TM_GTFS-Semaine-02',603,,8460,250,,,0,98,,8463,250,,,0,100,,8464,250,,,0,100,,8465,340,,,0,731,,8461,340,,,0,103,,8462,340,,,0,100,,8466,340,,,0
