1401,'TM-A26-TM_GTFS-Fête-1-01',805,,5360,280,,,0,103,,5357,280,,,0,101,,5371,280,,,0,101,,5367,280,,,0,101,,5365,280,,,0,100,,5368,280,,,0,101,,5366,280,,,0,100,,5369,280,,,0,100,,5372,280,,,0,99,,5370,280,,,0,100,,5355,280,,,0,99,,5358,280,,,0,99,,5356,280,,,0,100,,5361,280,,,0,97,,5364,280,,,0,102,,5362,280,,,0,99,,5359,280,,,0,100,,5363,280,,,0
1401,'TM-A26-TM_GTFS-Fête-2-01',638,,5380,280,,,0,71,,5388,280,,,0,30,,5399,280,,,0,70,,5381,280,,,0,30,,5389,280,,,0,70,,5379,280,,,0,30,,5382,280,,,0,70,,5390,280,,,0,30,,5383,280,,,0,101,,5392,280,,,0,101,,5394,280,,,0,100,,5393,280,,,0,102,,5373,280,,,0,103,,5378,280,,,0,103,,5374,280,,,0,70,,5395,280,,,0,28,,5384,280,,,0,66,,5375,280,,,0,28,,5396,280,,,0,70,,5385,280,,,0,29,,5376,280,,,0,100,,5397,280,,,0,100,,5377,280,,,0,99,,5386,280,,,0,99,,5391,280,,,0,99,,5387,280,,,0,100,,5398,280,,,0
1401,'TM-A26-TM_GTFS-Semaine-01',638,,5407,280,,,0,71,,5415,280,,,0,30,,5426,280,,,0,70,,5408,280,,,0,30,,5416,280,,,0,70,,5406,280,,,0,30,,5409,280,,,0,70,,5417,280,,,0,30,,5410,280,,,0,101,,5419,280,,,0,101,,5421,280,,,0,100,,5420,280,,,0,102,,5400,280,,,0,103,,5405,280,,,0,103,,5401,280,,,0,70,,5422,280,,,0,28,,5411,280,,,0,66,,5402,280,,,0,28,,5423,280,,,0,70,,5412,280,,,0,29,,5403,280,,,0,100,,5424,280,,,0,100,,5404,280,,,0,99,,5413,280,,,0,99,,5418,280,,,0,99,,5414,280,,,0,100,,5425,280,,,0
1401,'TM-A26-TM_GTFS-Week-end-01',805,,5432,280,,,0,103,,5429,280,,,0,101,,5443,280,,,0,101,,5439,280,,,0,101,,5437,280,,,0,100,,5440,280,,,0,101,,5438,280,,,0,100,,5441,280,,,0,100,,5444,280,,,0,99,,5442,280,,,0,100,,5427,280,,,0,99,,5430,280,,,0,99,,5428,280,,,0,100,,5433,280,,,0,97,,5436,280,,,0,102,,5434,280,,,0,99,,5431,280,,,0,100,,5435,280,,,0
41700,'TM-A26-TM_GTFS-Fête-2-01',544,,6507,130,,,0,73,,6509,130,,,0,40,,6506,130,,,0,99,,6508,130,,,0
41700,'TM-A26-TM_GTFS-Semaine-01',544,,6511,130,,,0,73,,6513,130,,,0,40,,6510,130,,,0,99,,6512,130,,,0
2000001500,'TM-A26-TM_GTFS-Fête-2-01',1237,,6769,170,,,0,400,,6770,170,,,0,100,,6771,170,,,0,100,,6772,170,,,0
2000001500,'TM-A26-TM_GTFS-Semaine-01',1237,,6773,170,,,0,400,,6774,170,,,0,100,,6775,170,,,0,100,,6776,170,,,0
2000041700,'TM-A26-TM_GTFS-Fête-2-01',1301,,6879,130,,,0
2000041700,'TM-A26-TM_GTFS-Semaine-01',1301,,6880,130,,,0
