300,'TM-A26-TM_GTFS-Fête-1-02',757,,7048,60,,,0,201,,7049,60,,,0,200,,7050,60,,,0,200,,7051,60,,,0,200,,7052,60,,,0,199,,7053,60,,,0,200,,7054,60,,,0,200,,7055,60,,,0,199,,7056,60,,,0
300,'TM-A26-TM_GTFS-Fête-2-02',558,,7059,60,,,0,70,,7075,60,,,0,30,,7069,60,,,0,70,,7074,60,,,0,31,,7068,60,,,0,100,,7063,60,,,0,241,,7064,60,,,0,200,,7065,60,,,0,130,,7067,60,,,0,105,,7066,60,,,0,96,,7072,60,,,0,69,,7071,60,,,0,30,,7073,60,,,0,70,,7070,60,,,0,58,,7057,60,,,0,169,,7060,60,,,0,100,,7061,60,,,0,230,,7062,60,,,0
300,'TM-A26-TM_GTFS-Semaine-02',558,,7078,60,,,0,70,,7094,60,,,0,30,,7088,60,,,0,70,,7093,60,,,0,31,,7087,60,,,0,100,,7082,60,,,0,241,,7083,60,,,0,200,,7084,60,,,0,130,,7086,60,,,0,105,,7085,60,,,0,96,,7091,60,,,0,69,,7090,60,,,0,30,,7092,60,,,0,70,,7089,60,,,0,58,,7076,60,,,0,169,,7079,60,,,0,100,,7080,60,,,0,230,,7081,60,,,0
300,'TM-A26-TM_GTFS-Week-end-02',757,,7096,60,,,0,201,,7097,60,,,0,200,,7098,60,,,0,200,,7099,60,,,0,200,,7100,60,,,0,199,,7101,60,,,0,200,,7102,60,,,0,200,,7103,60,,,0,199,,7104,60,,,0
1401,'TM-A26-TM_GTFS-Fête-1-02',755,,7540,60,,,0,103,,7537,60,,,0,101,,7551,60,,,0,100,,7547,60,,,0,100,,7545,60,,,0,100,,7548,60,,,0,141,,7546,60,,,0,59,,7549,60,,,0,100,,7552,60,,,0,100,,7550,60,,,0,100,,7535,60,,,0,99,,7538,60,,,0,100,,7536,60,,,0,100,,7541,60,,,0,97,,7544,60,,,0,103,,7542,60,,,0,99,,7539,60,,,0,100,,7543,60,,,0
1401,'TM-A26-TM_GTFS-Fête-2-02',628,,7560,60,,,0,30,,7568,60,,,0,70,,7579,60,,,0,30,,7561,60,,,0,70,,7569,60,,,0,30,,7559,60,,,0,70,,7562,60,,,0,30,,7570,60,,,0,70,,7563,60,,,0,100,,7572,60,,,0,101,,7574,60,,,0,100,,7573,60,,,0,101,,7553,60,,,0,100,,7558,60,,,0,100,,7554,60,,,0,70,,7575,60,,,0,30,,7564,60,,,0,70,,7555,60,,,0,29,,7576,60,,,0,30,,7565,60,,,0,69,,7556,60,,,0,100,,7577,60,,,0,100,,7557,60,,,0,100,,7566,60,,,0,99,,7571,60,,,0,100,,7567,60,,,0,100,,7578,60,,,0
1401,'TM-A26-TM_GTFS-Semaine-02',628,,7587,60,,,0,30,,7595,60,,,0,70,,7606,60,,,0,30,,7588,60,,,0,70,,7596,60,,,0,30,,7586,60,,,0,70,,7589,60,,,0,30,,7597,60,,,0,70,,7590,60,,,0,100,,7599,60,,,0,101,,7601,60,,,0,100,,7600,60,,,0,101,,7580,60,,,0,100,,7585,60,,,0,100,,7581,60,,,0,70,,7602,60,,,0,30,,7591,60,,,0,70,,7582,60,,,0,29,,7603,60,,,0,30,,7592,60,,,0,69,,7583,60,,,0,100,,7604,60,,,0,100,,7584,60,,,0,100,,7593,60,,,0,99,,7598,60,,,0,100,,7594,60,,,0,100,,7605,60,,,0
1401,'TM-A26-TM_GTFS-Week-end-02',755,,7612,60,,,0,103,,7609,60,,,0,101,,7623,60,,,0,100,,7619,60,,,0,100,,7617,60,,,0,100,,7620,60,,,0,141,,7618,60,,,0,59,,7621,60,,,0,100,,7624,60,,,0,100,,7622,60,,,0,100,,7607,60,,,0,99,,7610,60,,,0,100,,7608,60,,,0,100,,7613,60,,,0,97,,7616,60,,,0,103,,7614,60,,,0,99,,7611,60,,,0,100,,7615,60,,,0
1700,'TM-A26-TM_GTFS-Fête-1-02',657,,7625,60,,,0,100,,7635,60,,,0,100,,7626,60,,,0,101,,7636,60,,,0,100,,7627,60,,,0,101,,7637,60,,,0,100,,7628,60,,,0,100,,7638,60,,,0,100,,7629,60,,,0,100,,7639,60,,,0,100,,7630,60,,,0,100,,7640,60,,,0,99,,7631,60,,,0,100,,7641,60,,,0,100,,7632,60,,,0,100,,7642,60,,,0,99,,7633,60,,,0,100,,7643,60,,,0,100,,7634,60,,,0
1700,'TM-A26-TM_GTFS-Fête-2-02',557,,7648,60,,,0,101,,7656,60,,,0,100,,7649,60,,,0,100,,7657,60,,,0,100,,7650,60,,,0,100,,7644,60,,,0,100,,7651,60,,,0,100,,7658,60,,,0,101,,7652,60,,,0,100,,7659,60,,,0,141,,7653,60,,,0,100,,7645,60,,,0,59,,7654,60,,,0,100,,7646,60,,,0,99,,7655,60,,,0,100,,7647,60,,,0,100,,7661,60,,,0,99,,7663,60,,,0,100,,7662,60,,,0,100,,7660,60,,,0
1700,'TM-A26-TM_GTFS-Semaine-02',557,,7668,60,,,0,101,,7676,60,,,0,100,,7669,60,,,0,100,,7677,60,,,0,100,,7670,60,,,0,100,,7664,60,,,0,100,,7671,60,,,0,100,,7678,60,,,0,101,,7672,60,,,0,100,,7679,60,,,0,141,,7673,60,,,0,100,,7665,60,,,0,59,,7674,60,,,0,100,,7666,60,,,0,99,,7675,60,,,0,100,,7667,60,,,0,100,,7681,60,,,0,99,,7683,60,,,0,100,,7682,60,,,0,100,,7680,60,,,0
1700,'TM-A26-TM_GTFS-Week-end-02',657,,7684,60,,,0,100,,7694,60,,,0,100,,7685,60,,,0,101,,7695,60,,,0,100,,7686,60,,,0,101,,7696,60,,,0,100,,7687,60,,,0,100,,7697,60,,,0,100,,7688,60,,,0,100,,7698,60,,,0,100,,7689,60,,,0,100,,7699,60,,,0,99,,7690,60,,,0,100,,7700,60,,,0,100,,7691,60,,,0,100,,7701,60,,,0,99,,7692,60,,,0,100,,7702,60,,,0,100,,7693,60,,,0
1801,'TM-A26-TM_GTFS-Fête-2-02',602,,7827,150,0,6 7,0,100,,7828,150,0,6 7,0,53,,7836,150,0,6 7,0,147,,7829,150,0,6 7,0,200,,7830,150,0,6 7,0,200,,7831,150,0,6 7,0,200,,7832,150,0,6 7,0,101,,7826,150,0,6 7,0,100,,7834,150,0,6 7,0,100,,7833,150,0,6 7,0,199,,7825,150,0,6 7,0,200,,7835,150,0,6 7,0
1801,'TM-A26-TM_GTFS-Semaine-02',602,,7840,150,0,6 7,0,100,,7841,150,0,6 7,0,53,,7849,150,0,6 7,0,147,,7842,150,0,6 7,0,200,,7843,150,0,6 7,0,200,,7844,150,0,6 7,0,200,,7845,150,0,6 7,0,101,,7839,150,0,6 7,0,100,,7847,150,0,6 7,0,100,,7846,150,0,6 7,0,199,,7838,150,0,6 7,0,200,,7848,150,0,6 7,0
2300,'TM-A26-TM_GTFS-Fête-2-02',556,,8365,60,,,0,101,,8366,60,,,0,100,,8368,60,,,0,100,,8369,60,,,0,882,,8367,60,,,0
2300,'TM-A26-TM_GTFS-Semaine-02',556,,8370,60,,,0,101,,8371,60,,,0,100,,8373,60,,,0,100,,8376,60,,,0,300,,8375,60,,,0,200,,8374,60,,,0,382,,8372,60,,,0
