300,'TM-A26-TM_GTFS-Fête-1-01',630,,4867,490,,,0,201,,4868,610,,,0,207,,4869,610,,,0,200,,4870,610,,,0,200,,4871,610,,,0,197,,4872,610,,,0,197,,4873,610,,,0,199,,4874,610,,,0,200,,4875,610,,,0,198,,4876,610,,,0
300,'TM-A26-TM_GTFS-Fête-2-01',537,,4878,480,,,0,98,,4879,600,,,0,70,,4895,600,,,0,31,,4889,600,,,0,70,,4894,600,,,0,32,,4888,600,,,0,100,,4883,600,,,0,200,,4884,600,,,0,200,,4885,600,,,0,171,,4887,600,,,0,105,,4886,600,,,0,99,,4892,600,,,0,28,,4891,600,,,0,66,,4893,600,,,0,30,,4890,600,,,0,95,,4877,600,,,0,168,,4880,600,,,0,100,,4881,600,,,0,227,,4882,600,,,0
300,'TM-A26-TM_GTFS-Semaine-01',537,,4897,480,,,0,98,,4898,600,,,0,70,,4914,600,,,0,31,,4908,600,,,0,70,,4913,600,,,0,32,,4907,600,,,0,100,,4902,600,,,0,200,,4903,600,,,0,200,,4904,600,,,0,171,,4906,600,,,0,105,,4905,600,,,0,99,,4911,600,,,0,28,,4910,600,,,0,66,,4912,600,,,0,30,,4909,600,,,0,95,,4896,600,,,0,168,,4899,600,,,0,100,,4900,600,,,0,227,,4901,600,,,0
300,'TM-A26-TM_GTFS-Week-end-01',630,,4915,490,,,0,201,,4916,610,,,0,207,,4917,610,,,0,200,,4918,610,,,0,200,,4919,610,,,0,197,,4920,610,,,0,197,,4921,610,,,0,199,,4922,610,,,0,200,,4923,610,,,0,198,,4924,610,,,0
400,'TM-A26-TM_GTFS-Fête-2-01',1657,,4929,380,,,0,91,,4925,380,,,0,100,,4926,380,,,0,294,,4927,380,,,0,275,,4928,380,,,0
400,'TM-A26-TM_GTFS-Semaine-01',1657,,4934,380,,,0,91,,4930,380,,,0,100,,4931,380,,,0,294,,4932,380,,,0,275,,4933,380,,,0
401,'TM-A26-TM_GTFS-Fête-2-01',605,,4936,450,,,0,100,,4938,450,,,0,100,,4937,450,,,0,101,,4935,450,,,0,1031,,4939,450,,,0
401,'TM-A26-TM_GTFS-Semaine-01',605,,4941,450,,,0,100,,4943,450,,,0,100,,4942,450,,,0,101,,4940,450,,,0,1031,,4944,450,,,0
800,'TM-A26-TM_GTFS-Fête-1-01',701,,4952,180,,,0,100,,4953,180,,,0,100,,4954,180,,,0,101,,4955,180,,,0,100,,4956,180,,,0,100,,4957,180,,,0,100,,4958,180,,,0,100,,4959,180,,,0,100,,4960,180,,,0,100,,4961,180,,,0,100,,4962,180,,,0,99,,4963,180,,,0,100,,4964,180,,,0,100,,4965,180,,,0,100,,4966,180,,,0,100,,4967,180,,,0,100,,4968,180,,,0,100,,4969,180,,,0,99,,4970,180,0,16,0
800,'TM-A26-TM_GTFS-Fête-2-01',601,,4982,180,,,0,101,,4977,180,,,0,100,,4973,180,,,0,100,,4974,180,,,0,100,,4980,180,,,0,100,,4981,180,,,0,100,,4971,180,,,0,100,,4972,180,,,0,100,,4978,180,,,0,100,,4983,180,,,0,100,,4979,180,,,0,100,,4975,180,,,0,100,,4976,180,,,0,100,,4984,180,,,0,100,,4985,180,,,0,100,,4986,180,,,0,100,,4987,180,,,0,100,,4988,180,,,0,100,,4989,180,,,0,98,,4990,180,0,16,0
800,'TM-A26-TM_GTFS-Semaine-01',601,,5002,180,,,0,101,,4997,180,,,0,100,,4993,180,,,0,100,,4994,180,,,0,100,,5000,180,,,0,100,,5001,180,,,0,100,,4991,180,,,0,100,,4992,180,,,0,100,,4998,180,,,0,100,,5003,180,,,0,100,,4999,180,,,0,100,,4995,180,,,0,100,,4996,180,,,0,100,,5004,180,,,0,100,,5005,180,,,0,100,,5006,180,,,0,100,,5007,180,,,0,100,,5008,180,,,0,100,,5009,180,,,0,98,,5010,180,0,16,0
800,'TM-A26-TM_GTFS-Week-end-01',701,,5012,180,,,0,100,,5013,180,,,0,100,,5014,180,,,0,101,,5015,180,,,0,100,,5016,180,,,0,100,,5017,180,,,0,100,,5018,180,,,0,100,,5019,180,,,0,100,,5020,180,,,0,100,,5021,180,,,0,100,,5022,180,,,0,99,,5023,180,,,0,100,,5024,180,,,0,100,,5025,180,,,0,100,,5026,180,,,0,100,,5027,180,,,0,100,,5028,180,,,0,100,,5029,180,,,0,99,,5030,180,0,16,0
1101,'TM-A26-TM_GTFS-Fête-1-01',636,,5179,620,,,0,100,,5169,620,,,0,100,,5180,620,,,0,101,,5170,620,,,0,101,,5171,620,,,0,100,,5181,620,,,0,100,,5172,620,,,0,100,,5182,620,,,0,100,,5173,620,,,0,100,,5183,620,,,0,100,,5174,620,,,0,100,,5184,620,,,0,99,,5175,620,,,0,98,,5185,620,,,0,100,,5176,620,,,0,99,,5186,620,,,0,100,,5177,620,,,0,100,,5187,620,,,0,100,,5178,620,,,0
1101,'TM-A26-TM_GTFS-Fête-2-01',605,,5197,510,,,0,30,,5193,620,,,0,70,,5188,620,,,0,30,,5208,620,,,0,70,,5198,620,,,0,30,,5201,620,,,0,100,,5209,620,,,0,100,,5202,620,,,0,102,,5205,620,,,0,100,,5203,620,,,0,100,,5206,620,,,0,100,,5204,620,,,0,97,,5207,620,,,0,70,,5199,620,,,0,32,,5213,620,,,0,70,,5194,620,,,0,31,,5196,620,,,0,69,,5200,620,,,0,30,,5189,620,,,0,69,,5195,620,,,0,30,,5210,620,,,0,103,,5190,620,,,0,99,,5211,620,,,0,100,,5191,620,,,0,99,,5212,620,,,0,101,,5192,620,,,0
1101,'TM-A26-TM_GTFS-Semaine-01',605,,5223,510,,,0,30,,5219,620,,,0,70,,5214,620,,,0,30,,5234,620,,,0,70,,5224,620,,,0,30,,5227,620,,,0,100,,5235,620,,,0,100,,5228,620,,,0,102,,5231,620,,,0,100,,5229,620,,,0,100,,5232,620,,,0,100,,5230,620,,,0,97,,5233,620,,,0,70,,5225,620,,,0,32,,5239,620,,,0,70,,5220,620,,,0,31,,5222,620,,,0,69,,5226,620,,,0,30,,5215,620,,,0,69,,5221,620,,,0,30,,5236,620,,,0,103,,5216,620,,,0,99,,5237,620,,,0,100,,5217,620,,,0,99,,5238,620,,,0,101,,5218,620,,,0
1101,'TM-A26-TM_GTFS-Week-end-01',636,,5250,620,,,0,100,,5240,620,,,0,100,,5251,620,,,0,101,,5241,620,,,0,101,,5242,620,,,0,100,,5252,620,,,0,100,,5243,620,,,0,100,,5253,620,,,0,100,,5244,620,,,0,100,,5254,620,,,0,100,,5245,620,,,0,100,,5255,620,,,0,99,,5246,620,,,0,98,,5256,620,,,0,100,,5247,620,,,0,99,,5257,620,,,0,100,,5248,620,,,0,100,,5258,620,,,0,100,,5249,620,,,0
2001,'TM-A26-TM_GTFS-Fête-1-01',634,,6078,250,,,0,102,,6079,250,,,0,101,,6080,250,,,0,100,,6081,250,,,0,101,,6072,250,,,0,101,,6073,250,,,0,100,,6082,250,,,0,101,,6083,250,,,0,100,,6084,250,,,0,99,,6074,250,,,0,100,,6075,250,,,0,99,,6076,250,,,0,98,,6077,250,,,0,100,,6085,250,,,0,100,,6086,250,,,0,100,,6087,250,,,0,99,,6088,250,,,0,100,,6089,250,,,0,100,,6090,250,,,0
2001,'TM-A26-TM_GTFS-Fête-2-01',536,,6095,250,,,0,101,,6096,250,,,0,70,,6092,250,,,0,30,,6097,250,,,0,72,,6116,250,,,0,30,,6098,250,,,0,70,,6114,250,,,0,30,,6099,250,,,0,100,,6100,250,,,0,101,,6091,250,,,0,100,,6101,250,,,0,100,,6108,250,,,0,99,,6109,250,,,0,99,,6110,250,,,0,100,,6111,250,,,0,65,,6112,250,,,0,30,,6093,250,,,0,70,,6113,250,,,0,30,,6102,250,,,0,71,,6115,250,,,0,28,,6094,250,,,0,105,,6103,250,,,0,99,,6104,250,,,0,98,,6105,250,,,0,100,,6106,250,,,0,100,,6107,250,,,0
2001,'TM-A26-TM_GTFS-Semaine-01',536,,6121,250,,,0,101,,6122,250,,,0,70,,6118,250,,,0,30,,6123,250,,,0,72,,6142,250,,,0,30,,6124,250,,,0,70,,6140,250,,,0,30,,6125,250,,,0,100,,6126,250,,,0,101,,6117,250,,,0,100,,6127,250,,,0,100,,6134,250,,,0,99,,6135,250,,,0,99,,6136,250,,,0,100,,6137,250,,,0,65,,6138,250,,,0,30,,6119,250,,,0,70,,6139,250,,,0,30,,6128,250,,,0,71,,6141,250,,,0,28,,6120,250,,,0,105,,6129,250,,,0,99,,6130,250,,,0,98,,6131,250,,,0,100,,6132,250,,,0,100,,6133,250,,,0
2001,'TM-A26-TM_GTFS-Week-end-01',634,,6149,250,,,0,102,,6150,250,,,0,101,,6151,250,,,0,100,,6152,250,,,0,101,,6143,250,,,0,101,,6144,250,,,0,100,,6153,250,,,0,101,,6154,250,,,0,100,,6155,250,,,0,99,,6145,250,,,0,100,,6146,250,,,0,99,,6147,250,,,0,98,,6148,250,,,0,100,,6156,250,,,0,100,,6157,250,,,0,100,,6158,250,,,0,99,,6159,250,,,0,100,,6160,250,,,0,100,,6161,250,,,0
2100,'TM-A26-TM_GTFS-Fête-2-01',637,,6163,340,0,5,0,93,,6162,560,0,5,0,100,,6164,560,0,5,0,100,,6165,560,0,5,0
2100,'TM-A26-TM_GTFS-Semaine-01',637,,6167,340,0,5,0,93,,6166,560,0,5,0,100,,6168,560,0,5,0,100,,6169,560,0,5,0
2101,'TM-A26-TM_GTFS-Fête-2-01',1638,,6172,560,0,5,0,99,,6171,560,0,5,0,100,,6170,560,0,5,0
2101,'TM-A26-TM_GTFS-Semaine-01',1638,,6175,560,0,5,0,99,,6174,560,0,5,0,100,,6173,560,0,5,0
2701,'TM-A26-TM_GTFS-Semaine-01',601,,6280,210,,,0,58,,6283,210,,,0,100,,6284,210,,,0,100,,6285,300,,,0,769,,6281,300,,,0,103,,6282,300,,,0,100,,6286,300,,,0
