1101,'TM-A26-TM_GTFS-Fête-1-02',555,,7359,40,,,0,100,,7349,40,,,0,100,,7360,40,,,0,100,,7350,40,,,0,100,,7351,40,,,0,100,,7361,40,,,0,100,,7352,40,,,0,100,,7362,40,,,0,100,,7353,40,,,0,100,,7363,40,,,0,100,,7354,40,,,0,100,,7364,40,,,0,100,,7355,40,,,0,100,,7365,40,,,0,100,,7356,40,,,0,100,,7366,40,,,0,100,,7357,40,,,0,100,,7367,40,,,0,100,,7358,40,,,0
1101,'TM-A26-TM_GTFS-Fête-2-02',552,,7373,40,,,0,70,,7368,40,,,0,30,,7388,40,,,0,70,,7378,40,,,0,30,,7381,40,,,0,100,,7389,40,,,0,97,,7382,40,,,0,102,,7385,40,,,0,100,,7383,40,,,0,100,,7386,40,,,0,100,,7384,40,,,0,97,,7387,40,,,0,70,,7379,40,,,0,34,,7393,40,,,0,70,,7374,40,,,0,32,,7376,40,,,0,69,,7380,40,,,0,30,,7369,40,,,0,69,,7375,40,,,0,32,,7390,40,,,0,103,,7370,40,,,0,99,,7391,40,,,0,101,,7371,40,,,0,99,,7392,40,,,0,101,,7372,40,,,0
1101,'TM-A26-TM_GTFS-Semaine-02',552,,7399,40,,,0,70,,7394,40,,,0,30,,7414,40,,,0,70,,7404,40,,,0,30,,7407,40,,,0,100,,7415,40,,,0,97,,7408,40,,,0,102,,7411,40,,,0,100,,7409,40,,,0,100,,7412,40,,,0,100,,7410,40,,,0,97,,7413,40,,,0,70,,7405,40,,,0,34,,7419,40,,,0,70,,7400,40,,,0,32,,7402,40,,,0,69,,7406,40,,,0,30,,7395,40,,,0,69,,7401,40,,,0,32,,7416,40,,,0,103,,7396,40,,,0,99,,7417,40,,,0,101,,7397,40,,,0,99,,7418,40,,,0,101,,7398,40,,,0
1101,'TM-A26-TM_GTFS-Week-end-02',555,,7430,40,,,0,100,,7420,40,,,0,100,,7431,40,,,0,100,,7421,40,,,0,100,,7422,40,,,0,100,,7432,40,,,0,100,,7423,40,,,0,100,,7433,40,,,0,100,,7424,40,,,0,100,,7434,40,,,0,100,,7425,40,,,0,100,,7435,40,,,0,100,,7426,40,,,0,100,,7436,40,,,0,100,,7427,40,,,0,100,,7437,40,,,0,100,,7428,40,,,0,100,,7438,40,,,0,100,,7429,40,,,0
4000,'TM-A26-TM_GTFS-Fête-1-02',713,,8614,110,,,0,396,,8615,110,,,0,500,,8616,110,,,0
4000,'TM-A26-TM_GTFS-Week-end-02',713,,8617,110,,,0,396,,8618,110,,,0,500,,8619,110,,,0
4001,'TM-A26-TM_GTFS-Fête-1-02',805,,8620,60,,,0,400,,8621,60,,,0,499,,8622,60,,,0
4001,'TM-A26-TM_GTFS-Week-end-02',805,,8623,60,,,0,400,,8624,60,,,0,499,,8625,60,,,0
14000,'TM-A26-TM_GTFS-Fête-2-02',516,,8642,110,,,0,40,,8634,110,,,0,60,,8636,110,,,0,20,,8645,110,,,0,20,,8632,110,,,0,60,,8641,110,,,0,25,,8643,110,,,0,71,,8640,110,,,0,390,,8644,110,,,0,108,,8638,110,,,0,219,,8637,110,,,0,189,,8635,110,,,0,135,,8639,110,,,0,293,,8633,110,,,0
14000,'TM-A26-TM_GTFS-Semaine-02',516,,8656,110,,,0,40,,8648,110,,,0,60,,8650,110,,,0,20,,8659,110,,,0,20,,8646,110,,,0,60,,8655,110,,,0,25,,8657,110,,,0,71,,8654,110,,,0,390,,8658,110,,,0,108,,8652,110,,,0,219,,8651,110,,,0,189,,8649,110,,,0,135,,8653,110,,,0,293,,8647,110,,,0
14001,'TM-A26-TM_GTFS-Fête-2-02',634,,8671,60,,,0,106,,8666,60,,,0,97,,8670,60,,,0,470,,8668,60,,,0,208,,8663,60,,,0,97,,8667,60,,,0,42,,8665,60,,,0,67,,8669,60,,,0,30,,8672,60,,,0,80,,8660,60,,,0,70,,8664,60,,,0,58,,8661,60,,,0,292,,8662,60,,,0
14001,'TM-A26-TM_GTFS-Semaine-02',634,,8684,60,,,0,106,,8679,60,,,0,97,,8683,60,,,0,470,,8681,60,,,0,208,,8676,60,,,0,97,,8680,60,,,0,42,,8678,60,,,0,67,,8682,60,,,0,30,,8685,60,,,0,80,,8673,60,,,0,70,,8677,60,,,0,58,,8674,60,,,0,292,,8675,60,,,0
3001100,'TM-A26-TM_GTFS-Semaine-02',705,,8890,30,,,0
3001101,'TM-A26-TM_GTFS-Semaine-02',1704,,8891,110,4,,0,97,,8892,110,4,,0
2000001201,'TM-A26-TM_GTFS-Fête-2-02',803,,8925,40,,,0,100,,8926,40,,,0,315,,8927,40,,,0
2000001201,'TM-A26-TM_GTFS-Semaine-02',803,,8928,40,,,0,100,,8929,40,,,0,315,,8930,40,,,0
