200,'TM-A26-TM_GTFS-Fête-1-02',654,,6985,30,,,0,200,,6986,30,,,0,200,,6987,30,,,0,200,,6988,30,,,0,200,,6989,30,,,0,200,,6990,30,,,0,200,,6991,30,,,0,200,,6992,30,,,0,200,,6993,30,,,0,200,,6994,30,0,12,0
200,'TM-A26-TM_GTFS-Fête-2-02',554,,7013,30,,,0,70,,7007,30,,,0,30,,7014,30,,,0,70,,7008,30,,,0,30,,7015,30,,,0,70,,7009,30,,,0,130,,7003,30,,,0,200,,7004,30,,,0,200,,7005,30,0,8 7,0,100,,7002,30,,,0,100,,7011,30,,,0,70,,7010,30,,,0,30,,7012,30,,,0,70,,7006,30,,,0,100,,6995,30,,,0,130,,7001,30,,,0,100,,6998,30,,,0,100,,6997,30,,,0,100,,6999,30,,,0,200,,7000,30,0,12,0
200,'TM-A26-TM_GTFS-Semaine-02',554,,7034,30,,,0,70,,7028,30,,,0,30,,7035,30,,,0,70,,7029,30,,,0,30,,7036,30,,,0,70,,7030,30,,,0,130,,7024,30,,,0,200,,7025,30,,,0,200,,7026,30,0,8 7,0,100,,7023,30,,,0,100,,7032,30,,,0,70,,7031,30,,,0,30,,7033,30,,,0,70,,7027,30,,,0,100,,7016,30,,,0,130,,7022,30,,,0,100,,7019,30,,,0,100,,7018,30,,,0,100,,7020,30,,,0,200,,7021,30,0,12,0
200,'TM-A26-TM_GTFS-Week-end-02',654,,7037,30,,,0,200,,7038,30,,,0,200,,7039,30,,,0,200,,7040,30,,,0,200,,7041,30,,,0,200,,7042,30,,,0,200,,7043,30,,,0,200,,7044,30,,,0,200,,7045,30,,,0,200,,7046,30,0,12,0
400,'TM-A26-TM_GTFS-Fête-2-02',1636,,7109,30,,,0,93,,7105,30,,,0,100,,7106,30,,,0,295,,7107,30,,,0,235,,7108,30,,,0
400,'TM-A26-TM_GTFS-Semaine-02',1636,,7114,30,,,0,93,,7110,30,,,0,100,,7111,30,,,0,295,,7112,30,,,0,235,,7113,30,,,0
401,'TM-A26-TM_GTFS-Fête-2-02',544,,7116,110,,,0,100,,7118,110,,,0,100,,7117,110,,,0,101,,7115,110,,,0,1074,,7119,110,,,0
401,'TM-A26-TM_GTFS-Semaine-02',544,,7121,110,,,0,100,,7123,110,,,0,100,,7122,110,,,0,101,,7120,110,,,0,1074,,7124,110,,,0
800,'TM-A26-TM_GTFS-Fête-1-02',624,,7131,260,,,0,99,,7132,560,,,0,100,,7133,560,,,0,100,,7134,560,,,0,101,,7135,560,,,0,100,,7136,560,,,0,100,,7137,560,,,0,100,,7138,560,,,0,100,,7139,560,,,0,100,,7140,560,,,0,100,,7141,560,,,0,100,,7142,560,,,0,99,,7143,560,,,0,100,,7144,560,,,0,100,,7145,560,,,0,100,,7146,560,,,0,100,,7147,560,,,0,100,,7148,560,,,0,100,,7149,560,,,0
800,'TM-A26-TM_GTFS-Fête-2-02',624,,7162,560,,,0,102,,7157,560,,,0,100,,7153,560,,,0,99,,7154,560,,,0,100,,7160,560,,,0,100,,7161,560,,,0,100,,7151,560,,,0,100,,7152,560,,,0,100,,7158,560,,,0,102,,7163,560,,,0,100,,7159,560,,,0,100,,7155,560,,,0,97,,7156,560,,,0,100,,7164,560,,,0,100,,7165,560,,,0,100,,7166,560,,,0,100,,7167,560,,,0,100,,7168,560,,,0,99,,7169,560,,,0
800,'TM-A26-TM_GTFS-Semaine-02',624,,7182,560,,,0,102,,7177,560,,,0,100,,7173,560,,,0,99,,7174,560,,,0,100,,7180,560,,,0,100,,7181,560,,,0,100,,7171,560,,,0,100,,7172,560,,,0,100,,7178,560,,,0,102,,7183,560,,,0,100,,7179,560,,,0,100,,7175,560,,,0,97,,7176,560,,,0,100,,7184,560,,,0,100,,7185,560,,,0,100,,7186,560,,,0,100,,7187,560,,,0,100,,7188,560,,,0,99,,7189,560,,,0
800,'TM-A26-TM_GTFS-Week-end-02',624,,7191,260,,,0,99,,7192,560,,,0,100,,7193,560,,,0,100,,7194,560,,,0,101,,7195,560,,,0,100,,7196,560,,,0,100,,7197,560,,,0,100,,7198,560,,,0,100,,7199,560,,,0,100,,7200,560,,,0,100,,7201,560,,,0,100,,7202,560,,,0,99,,7203,560,,,0,100,,7204,560,,,0,100,,7205,560,,,0,100,,7206,560,,,0,100,,7207,560,,,0,100,,7208,560,,,0,100,,7209,560,,,0
1100,'TM-A26-TM_GTFS-Fête-1-02',553,,7251,30,,,0,100,,7261,30,,,0,100,,7252,30,,,0,100,,7253,30,,,0,100,,7262,30,,,0,101,,7254,30,,,0,100,,7263,30,,,0,100,,7255,30,,,0,100,,7264,30,,,0,100,,7256,30,,,0,100,,7265,30,,,0,100,,7257,30,,,0,100,,7266,30,,,0,100,,7258,30,,,0,100,,7267,30,,,0,100,,7259,30,,,0,100,,7268,30,,,0,100,,7260,30,,,0,100,,7269,30,,,0,100,,7270,30,,,0
1100,'TM-A26-TM_GTFS-Fête-2-02',523,,7271,30,,,0,30,,7293,30,,,0,70,,7282,30,,,0,30,,7278,30,,,0,70,,7272,30,,,0,30,,7294,30,,,0,70,,7283,30,,,0,30,,7286,30,,,0,100,,7290,30,,,0,100,,7287,30,,,0,100,,7291,30,,,0,100,,7288,30,,,0,101,,7292,30,,,0,100,,7299,30,,,0,70,,7279,30,,,0,30,,7281,30,,,0,70,,7284,30,,,0,30,,7273,30,,,0,70,,7280,30,,,0,30,,7295,30,,,0,70,,7285,30,,,0,30,,7274,30,,,0,69,,7289,30,,,0,30,,7296,30,,,0,100,,7275,30,,,0,100,,7297,30,,,0,100,,7276,30,,,0,100,,7298,30,,,0,100,,7277,30,,,0
1100,'TM-A26-TM_GTFS-Semaine-02',523,,7300,30,,,0,30,,7322,30,,,0,70,,7311,30,,,0,30,,7307,30,,,0,70,,7301,30,,,0,30,,7323,30,,,0,70,,7312,30,,,0,30,,7315,30,,,0,100,,7319,30,,,0,100,,7316,30,,,0,100,,7320,30,,,0,100,,7317,30,,,0,101,,7321,30,,,0,100,,7328,30,,,0,70,,7308,30,,,0,30,,7310,30,,,0,70,,7313,30,,,0,30,,7302,30,,,0,70,,7309,30,,,0,30,,7324,30,,,0,70,,7314,30,,,0,30,,7303,30,,,0,69,,7318,30,,,0,30,,7325,30,,,0,100,,7304,30,,,0,100,,7326,30,,,0,100,,7305,30,,,0,100,,7327,30,,,0,100,,7306,30,,,0
1100,'TM-A26-TM_GTFS-Week-end-02',553,,7329,30,,,0,100,,7339,30,,,0,100,,7330,30,,,0,100,,7331,30,,,0,100,,7340,30,,,0,101,,7332,30,,,0,100,,7341,30,,,0,100,,7333,30,,,0,100,,7342,30,,,0,100,,7334,30,,,0,100,,7343,30,,,0,100,,7335,30,,,0,100,,7344,30,,,0,100,,7336,30,,,0,100,,7345,30,,,0,100,,7337,30,,,0,100,,7346,30,,,0,100,,7338,30,,,0,100,,7347,30,,,0,100,,7348,30,,,0
2000,'TM-A26-TM_GTFS-Fête-1-02',654,,8171,30,,,0,100,,8172,30,,,0,100,,8173,30,,,0,100,,8162,30,,,0,100,,8163,30,,,0,100,,8164,30,,,0,100,,8165,30,,,0,100,,8166,30,,,0,100,,8167,30,,,0,100,,8168,30,,,0,100,,8169,30,,,0,100,,8170,30,,,0,100,,8174,30,,,0,100,,8175,30,,,0,100,,8176,30,,,0,100,,8177,30,,,0,100,,8178,30,,,0,100,,8179,30,,,0,100,,8180,30,,,0
2000,'TM-A26-TM_GTFS-Fête-2-02',554,,8187,30,,,0,70,,8182,30,,,0,30,,8188,30,,,0,70,,8206,30,,,0,30,,8189,30,,,0,70,,8204,30,,,0,30,,8190,30,,,0,100,,8191,30,,,0,100,,8192,30,,,0,100,,8193,30,,,0,100,,8197,30,,,0,100,,8181,30,,,0,100,,8196,30,,,0,100,,8183,30,,,0,70,,8185,30,,,0,30,,8184,30,,,0,70,,8203,30,,,0,30,,8194,30,,,0,70,,8205,30,,,0,30,,8186,30,,,0,100,,8195,30,,,0,100,,8198,30,,,0,100,,8199,30,,,0,100,,8200,30,,,0,100,,8201,30,,,0,100,,8202,30,,,0
2000,'TM-A26-TM_GTFS-Semaine-02',554,,8213,30,,,0,70,,8208,30,,,0,30,,8214,30,,,0,70,,8232,30,,,0,30,,8215,30,,,0,70,,8230,30,,,0,30,,8216,30,,,0,100,,8217,30,,,0,100,,8218,30,,,0,100,,8219,30,,,0,100,,8223,30,,,0,100,,8207,30,,,0,100,,8222,30,,,0,100,,8209,30,,,0,70,,8211,30,,,0,30,,8210,30,,,0,70,,8229,30,,,0,30,,8220,30,,,0,70,,8231,30,,,0,30,,8212,30,,,0,100,,8221,30,,,0,100,,8224,30,,,0,100,,8225,30,,,0,100,,8226,30,,,0,100,,8227,30,,,0,100,,8228,30,,,0
2000,'TM-A26-TM_GTFS-Week-end-02',654,,8242,30,,,0,100,,8243,30,,,0,100,,8244,30,,,0,100,,8233,30,,,0,100,,8234,30,,,0,100,,8235,30,,,0,100,,8236,30,,,0,100,,8237,30,,,0,100,,8238,30,,,0,100,,8239,30,,,0,100,,8240,30,,,0,100,,8241,30,,,0,100,,8245,30,,,0,100,,8246,30,,,0,100,,8247,30,,,0,100,,8248,30,,,0,100,,8249,30,,,0,100,,8250,30,,,0,100,,8251,30,,,0
2100,'TM-A26-TM_GTFS-Fête-2-02',653,,8342,30,0,5,0,100,,8344,30,0,5,0,100,,8345,30,0,5,0
2100,'TM-A26-TM_GTFS-Semaine-02',653,,8346,30,0,5,0,100,,8348,30,0,5,0,100,,8349,30,0,5,0
2101,'TM-A26-TM_GTFS-Fête-2-02',1554,,8352,30,0,5,0,100,,8351,30,0,5,0,100,,8350,30,0,5,0
2101,'TM-A26-TM_GTFS-Semaine-02',1554,,8355,30,0,5,0,100,,8354,30,0,5,0,100,,8353,30,0,5,0
2700,'TM-A26-TM_GTFS-Semaine-02',718,,8458,30,,,0,100,,8453,30,,,0,706,,8456,30,,,0,100,,8457,30,,,0,100,,8455,30,,,0,100,,8454,30,,,0,100,,8459,30,,,0
