1901,'TM-A26-TM_GTFS-Fête-1-02',639,,8007,90,,,0,100,,8008,90,,,0,100,,8009,90,,,0,100,,8010,90,,,0,100,,8011,90,,,0,100,,8012,90,,,0,100,,8013,90,,,0,100,,8014,90,,,0,101,,8015,90,,,0,100,,8016,90,,,0,100,,8017,90,,,0,100,,8018,90,,,0,99,,8019,90,,,0,100,,8020,90,,,0,100,,8021,90,,,0,100,,8022,90,,,0,100,,8023,90,,,0,100,,8024,90,,,0,100,,8025,90,,,0,100,,8026,90,,,0
1901,'TM-A26-TM_GTFS-Fête-2-02',543,,8069,90,,,0,85,,8028,90,,,0,79,,8036,90,,,0,29,,8041,90,,,0,13,,8068,90,,,0,62,,8029,90,,,0,32,,8042,90,,,0,71,,8061,90,,,0,27,,8049,90,,,0,70,,8062,90,,,0,30,,8050,90,,,0,70,,8063,90,,,0,30,,8043,90,,,0,70,,8037,90,,,0,30,,8044,90,,,0,70,,8038,90,,,0,30,,8045,90,,,0,70,,8039,90,,,0,32,,8046,90,,,0,72,,8040,90,,,0,18,,8034,90,,,0,15,,8047,90,,,0,66,,8065,90,,,0,12,,8033,90,,,0,16,,8048,90,,,0,14,,8030,90,,,0,52,,8070,90,,,0,12,,8027,90,,,0,12,,8031,90,,,0,9,,8064,90,,,0,12,,8066,90,,,0,49,,8032,90,,,0,20,,8072,90,,,0,13,,8071,90,,,0,69,,8067,90,,,0,35,,8035,90,,,0,70,,8057,90,,,0,30,,8051,90,,,0,70,,8058,90,,,0,30,,8052,90,,,0,70,,8059,90,,,0,30,,8053,90,,,0,70,,8060,90,,,0,30,,8054,90,,,0,100,,8055,90,,,0,103,,8056,90,,,0
1901,'TM-A26-TM_GTFS-Semaine-02',543,,8131,90,,,0,14,,8132,90,,,0,51,,8075,90,,,0,10,,8133,90,,,0,10,,8076,90,,,0,9,,8098,90,,,0,22,,8134,90,,,0,48,,8091,90,,,0,29,,8099,90,,,0,5,,8078,90,,,0,8,,8130,90,,,0,10,,8092,90,,,0,52,,8079,90,,,0,12,,8074,90,,,0,7,,8077,90,,,0,13,,8100,90,,,0,71,,8120,90,,,0,27,,8107,90,,,0,70,,8121,90,,,0,30,,8108,90,,,0,70,,8122,90,,,0,30,,8101,90,,,0,70,,8093,90,,,0,30,,8102,90,,,0,70,,8094,90,,,0,30,,8103,90,,,0,70,,8095,90,,,0,32,,8104,90,,,0,72,,8096,90,,,0,18,,8087,90,,,0,15,,8105,90,,,0,56,,8126,90,,,0,10,,8127,90,,,0,6,,8123,90,,,0,6,,8086,90,,,0,10,,8136,90,,,0,6,,8106,90,,,0,8,,8083,90,,,0,6,,8080,90,,,0,46,,8115,90,,,0,6,,8137,90,,,0,6,,8097,90,,,0,6,,8073,90,,,0,6,,8084,90,,,0,6,,8081,90,,,0,3,,8138,90,,,0,6,,8124,90,,,0,6,,8085,90,,,0,6,,8128,90,,,0,6,,8088,90,,,0,43,,8082,90,,,0,10,,8139,90,,,0,10,,8141,90,,,0,3,,8125,90,,,0,10,,8140,90,,,0,14,,8090,90,,,0,55,,8129,90,,,0,15,,8135,90,,,0,20,,8089,90,,,0,70,,8116,90,,,0,30,,8109,90,,,0,70,,8117,90,,,0,30,,8110,90,,,0,70,,8118,90,,,0,30,,8111,90,,,0,70,,8119,90,,,0,30,,8112,90,,,0,100,,8113,90,,,0,103,,8114,90,,,0
1901,'TM-A26-TM_GTFS-Week-end-02',639,,8142,90,,,0,100,,8143,90,,,0,100,,8144,90,,,0,100,,8145,90,,,0,100,,8146,90,,,0,100,,8147,90,,,0,100,,8148,90,,,0,100,,8149,90,,,0,101,,8150,90,,,0,100,,8151,90,,,0,100,,8152,90,,,0,100,,8153,90,,,0,99,,8154,90,,,0,100,,8155,90,,,0,100,,8156,90,,,0,100,,8157,90,,,0,100,,8158,90,,,0,100,,8159,90,,,0,100,,8160,90,,,0,100,,8161,90,,,0
2501,'TM-A26-TM_GTFS-Fête-2-02',705,,8419,110,,,0,30,,8424,110,,,0,101,,8426,110,,,0,101,,8427,110,,,0,70,,8428,110,,,0,100,,8429,110,,,0,100,,8430,110,,,0,100,,8431,110,,,0,134,,8432,110,,,0,101,,8420,110,,,0,67,,8433,110,,,0,33,,8422,110,,,0,67,,8421,110,,,0,33,,8434,110,,,0,69,,8423,110,,,0,30,,8425,110,,,0,66,,8435,110,,,0
2501,'TM-A26-TM_GTFS-Semaine-02',705,,8436,110,,,0,30,,8441,110,,,0,101,,8443,110,,,0,101,,8444,110,,,0,70,,8445,110,,,0,100,,8446,110,,,0,100,,8447,110,,,0,100,,8448,110,,,0,134,,8449,110,,,0,101,,8437,110,,,0,67,,8450,110,,,0,33,,8439,110,,,0,67,,8438,110,,,0,33,,8451,110,,,0,69,,8440,110,,,0,30,,8442,110,,,0,66,,8452,110,,,0
3001,'TM-A26-TM_GTFS-Fête-1-02',737,,8542,60,0,8 7,0,100,,8543,60,0,8 7,0,901,,8544,60,0,8 7,0,200,,8545,60,0,8 7,0
3001,'TM-A26-TM_GTFS-Fête-2-02',621,,8547,20,,,0,25,,8556,20,0,8 7,0,71,,8557,20,,,0,94,,8549,20,,,0,30,,8548,20,0,8 7,0,99,,8546,20,0,8 7,0,101,,8555,60,0,8 7,0,100,,8552,60,0,8 7,0,100,,8561,60,0,8 7,0,100,,8553,60,0,8 7,0,100,,8554,60,0,8 7,0,92,,8569,70,,,0,23,,8564,70,,,0,61,,8559,70,,,0,20,,8570,70,,,0,20,,8565,70,,,0,60,,8568,70,,,0,20,,8558,70,,,0,19,,8567,70,,,0,57,,8562,70,,,0,25,,8560,70,,,0,69,,8550,70,,,0,36,,8566,60,0,8 7,0,99,,8551,60,0,8 7,0,100,,8563,60,0,8 7,0
3001,'TM-A26-TM_GTFS-Semaine-02',621,,8573,20,,,0,25,,8583,20,0,8 7,0,60,,8609,20,,,0,11,,8585,20,,,0,9,,8572,20,0,8 7,0,85,,8575,20,,,0,30,,8574,20,0,8 7,0,99,,8571,20,0,8 7,0,101,,8582,60,0,8 7,0,100,,8579,60,0,8 7,0,100,,8596,60,0,8 7,0,100,,8580,60,0,8 7,0,100,,8581,60,0,8 7,0,68,,8589,60,0,8 7,0,24,,8606,70,,,0,13,,8590,70,,,0,10,,8600,70,,,0,51,,8594,70,,,0,10,,8591,70,,,0,10,,8602,70,,,0,10,,8588,40,0,8 7,0,10,,8586,70,,,0,10,,8601,70,,,0,50,,8584,70,,,0,10,,8605,70,,,0,10,,8599,70,,,0,10,,8587,70,,,0,9,,8608,70,,,0,10,,8604,70,,,0,50,,8592,70,,,0,7,,8597,70,,,0,10,,8595,70,,,0,15,,8593,70,,,0,15,,8576,70,,,0,54,,8577,70,,,0,36,,8603,60,0,8 7,0,99,,8578,60,0,8 7,0,100,,8598,60,0,8 7,0
3001,'TM-A26-TM_GTFS-Week-end-02',737,,8610,60,0,8 7,0,100,,8611,60,0,8 7,0,901,,8612,60,0,8 7,0,200,,8613,60,0,8 7,0
2002501,'TM-A26-TM_GTFS-Fête-1-02',743,,8856,70,,,0,99,,8838,70,,,0,100,,8840,70,,,0,100,,8845,70,,,0,100,,8844,70,,,0,100,,8842,70,,,0,100,,8841,70,,,0,100,,8839,70,,,0,100,,8843,70,,,0,100,,8846,70,,,0,100,,8847,70,,,0,100,,8849,70,,,0,100,,8850,70,,,0,100,,8848,70,,,0,100,,8855,70,,,0,100,,8852,70,,,0,100,,8851,70,,,0,100,,8853,70,,,0,100,,8854,70,,,0
2002501,'TM-A26-TM_GTFS-Fête-2-02',1942,,8858,70,,,0,100,,8859,70,,,0,100,,8860,70,,,0,100,,8861,70,,,0,100,,8862,70,,,0,100,,8863,70,,,0,95,,8857,70,,,0
2002501,'TM-A26-TM_GTFS-Semaine-02',1942,,8865,70,,,0,100,,8866,70,,,0,100,,8867,70,,,0,100,,8868,70,,,0,100,,8869,70,,,0,100,,8870,70,,,0,95,,8864,70,,,0
2002501,'TM-A26-TM_GTFS-Week-end-02',743,,8889,70,,,0,99,,8871,70,,,0,100,,8873,70,,,0,100,,8878,70,,,0,100,,8877,70,,,0,100,,8875,70,,,0,100,,8874,70,,,0,100,,8872,70,,,0,100,,8876,70,,,0,100,,8879,70,,,0,100,,8880,70,,,0,100,,8882,70,,,0,100,,8883,70,,,0,100,,8881,70,,,0,100,,8888,70,,,0,100,,8885,70,,,0,100,,8884,70,,,0,100,,8886,70,,,0,100,,8887,70,,,0
