200,'TM-A26-TM_GTFS-Fête-1-01',715,,4805,350,,,0,204,,4806,350,,,0,200,,4807,350,,,0,200,,4808,350,,,0,200,,4809,350,,,0,196,,4810,350,,,0,200,,4811,350,,,0,200,,4812,350,,,0,200,,4813,350,,,0,198,,4814,350,0,12,0
200,'TM-A26-TM_GTFS-Fête-2-01',546,,4816,160,,,0,67,,4833,330,,,0,32,,4827,330,,,0,70,,4834,330,,,0,31,,4828,330,,,0,70,,4835,330,,,0,30,,4829,330,,,0,170,,4823,330,,,0,200,,4824,330,,,0,200,,4825,330,0,8 7,0,102,,4822,330,,,0,103,,4831,330,,,0,30,,4830,330,,,0,70,,4832,330,,,0,30,,4826,330,,,0,98,,4815,330,,,0,170,,4821,330,,,0,95,,4818,330,,,0,100,,4817,330,,,0,100,,4819,330,,,0,197,,4820,330,0,12,0
200,'TM-A26-TM_GTFS-Semaine-01',546,,4837,160,,,0,67,,4854,330,,,0,32,,4848,330,,,0,70,,4855,330,,,0,31,,4849,330,,,0,70,,4856,330,,,0,30,,4850,330,,,0,170,,4844,330,,,0,200,,4845,330,,,0,200,,4846,330,0,8 7,0,102,,4843,330,,,0,103,,4852,330,,,0,30,,4851,330,,,0,70,,4853,330,,,0,30,,4847,330,,,0,98,,4836,330,,,0,170,,4842,330,,,0,95,,4839,330,,,0,100,,4838,330,,,0,100,,4840,330,,,0,197,,4841,330,0,12,0
200,'TM-A26-TM_GTFS-Week-end-01',715,,4857,350,,,0,204,,4858,350,,,0,200,,4859,350,,,0,200,,4860,350,,,0,200,,4861,350,,,0,196,,4862,350,,,0,200,,4863,350,,,0,200,,4864,350,,,0,200,,4865,350,,,0,198,,4866,350,0,12,0
2000,'TM-A26-TM_GTFS-Fête-1-01',704,,5991,210,,,0,100,,5992,210,,,0,101,,5993,210,,,0,102,,5982,210,,,0,100,,5983,210,,,0,100,,5984,210,,,0,101,,5985,210,,,0,100,,5986,210,,,0,100,,5987,210,,,0,100,,5988,210,,,0,99,,5989,210,,,0,100,,5990,210,,,0,98,,5994,210,,,0,100,,5995,210,,,0,100,,5996,210,,,0,100,,5997,210,,,0,99,,5998,210,,,0,100,,5999,210,,,0,100,,6000,210,,,0
2000,'TM-A26-TM_GTFS-Fête-2-01',605,,6007,210,,,0,30,,6002,210,,,0,70,,6008,210,,,0,30,,6026,210,,,0,70,,6009,210,,,0,30,,6024,210,,,0,71,,6010,210,,,0,100,,6011,210,,,0,100,,6012,210,,,0,100,,6013,210,,,0,102,,6017,210,,,0,100,,6001,210,,,0,100,,6016,210,,,0,100,,6003,210,,,0,30,,6005,210,,,0,70,,6004,210,,,0,29,,6023,210,,,0,70,,6014,210,,,0,29,,6025,210,,,0,70,,6006,210,,,0,99,,6015,210,,,0,100,,6018,210,,,0,100,,6019,210,,,0,99,,6020,210,,,0,100,,6021,210,,,0,100,,6022,210,,,0
2000,'TM-A26-TM_GTFS-Semaine-01',605,,6033,210,,,0,30,,6028,210,,,0,70,,6034,210,,,0,30,,6052,210,,,0,70,,6035,210,,,0,30,,6050,210,,,0,71,,6036,210,,,0,100,,6037,210,,,0,100,,6038,210,,,0,100,,6039,210,,,0,102,,6043,210,,,0,100,,6027,210,,,0,100,,6042,210,,,0,100,,6029,210,,,0,30,,6031,210,,,0,70,,6030,210,,,0,29,,6049,210,,,0,70,,6040,210,,,0,29,,6051,210,,,0,70,,6032,210,,,0,99,,6041,210,,,0,100,,6044,210,,,0,100,,6045,210,,,0,99,,6046,210,,,0,100,,6047,210,,,0,100,,6048,210,,,0
2000,'TM-A26-TM_GTFS-Week-end-01',704,,6062,210,,,0,100,,6063,210,,,0,101,,6064,210,,,0,102,,6053,210,,,0,100,,6054,210,,,0,100,,6055,210,,,0,101,,6056,210,,,0,100,,6057,210,,,0,100,,6058,210,,,0,100,,6059,210,,,0,99,,6060,210,,,0,100,,6061,210,,,0,98,,6065,210,,,0,100,,6066,210,,,0,100,,6067,210,,,0,100,,6068,210,,,0,99,,6069,210,,,0,100,,6070,210,,,0,100,,6071,210,,,0
2100,'TM-A26-TM_GTFS-Fête-2-01',704,,6162,180,0,5,0,100,,6164,180,0,5,0,100,,6165,180,0,5,0
2100,'TM-A26-TM_GTFS-Semaine-01',704,,6166,180,0,5,0,100,,6168,180,0,5,0,100,,6169,180,0,5,0
