300,'TM-A26-TM_GTFS-Fête-1-02',631,,7047,520,,,0,201,,7048,640,,,0,208,,7049,640,,,0,200,,7050,640,,,0,200,,7051,640,,,0,196,,7052,640,,,0,197,,7053,640,,,0,199,,7054,640,,,0,200,,7055,640,,,0,198,,7056,640,,,0
300,'TM-A26-TM_GTFS-Fête-2-02',538,,7058,510,,,0,99,,7059,630,,,0,70,,7075,630,,,0,31,,7069,630,,,0,70,,7074,630,,,0,32,,7068,630,,,0,100,,7063,630,,,0,200,,7064,630,,,0,200,,7065,630,,,0,171,,7067,630,,,0,105,,7066,630,,,0,99,,7072,630,,,0,28,,7071,630,,,0,66,,7073,630,,,0,30,,7070,630,,,0,95,,7057,630,,,0,167,,7060,630,,,0,100,,7061,630,,,0,227,,7062,630,,,0
300,'TM-A26-TM_GTFS-Semaine-02',538,,7077,510,,,0,99,,7078,630,,,0,70,,7094,630,,,0,31,,7088,630,,,0,70,,7093,630,,,0,32,,7087,630,,,0,100,,7082,630,,,0,200,,7083,630,,,0,200,,7084,630,,,0,171,,7086,630,,,0,105,,7085,630,,,0,99,,7091,630,,,0,28,,7090,630,,,0,66,,7092,630,,,0,30,,7089,630,,,0,95,,7076,630,,,0,167,,7079,630,,,0,100,,7080,630,,,0,227,,7081,630,,,0
300,'TM-A26-TM_GTFS-Week-end-02',631,,7095,520,,,0,201,,7096,640,,,0,208,,7097,640,,,0,200,,7098,640,,,0,200,,7099,640,,,0,196,,7100,640,,,0,197,,7101,640,,,0,199,,7102,640,,,0,200,,7103,640,,,0,198,,7104,640,,,0
400,'TM-A26-TM_GTFS-Fête-2-02',1659,,7109,410,,,0,91,,7105,410,,,0,100,,7106,410,,,0,294,,7107,410,,,0,275,,7108,410,,,0
400,'TM-A26-TM_GTFS-Semaine-02',1659,,7114,410,,,0,91,,7110,410,,,0,100,,7111,410,,,0,294,,7112,410,,,0,275,,7113,410,,,0
401,'TM-A26-TM_GTFS-Fête-2-02',606,,7116,480,,,0,101,,7118,480,,,0,100,,7117,480,,,0,101,,7115,480,,,0,1031,,7119,480,,,0
401,'TM-A26-TM_GTFS-Semaine-02',606,,7121,480,,,0,101,,7123,480,,,0,100,,7122,480,,,0,101,,7120,480,,,0,1031,,7124,480,,,0
800,'TM-A26-TM_GTFS-Fête-1-02',703,,7132,210,,,0,100,,7133,210,,,0,100,,7134,210,,,0,100,,7135,210,,,0,100,,7136,210,,,0,100,,7137,210,,,0,100,,7138,210,,,0,100,,7139,210,,,0,100,,7140,210,,,0,100,,7141,210,,,0,100,,7142,210,,,0,100,,7143,210,,,0,100,,7144,210,,,0,100,,7145,210,,,0,100,,7146,210,,,0,100,,7147,210,,,0,100,,7148,210,,,0,100,,7149,210,,,0,99,,7150,210,0,16,0
800,'TM-A26-TM_GTFS-Fête-2-02',603,,7162,210,,,0,101,,7157,210,,,0,100,,7153,210,,,0,100,,7154,210,,,0,100,,7160,210,,,0,100,,7161,210,,,0,100,,7151,210,,,0,100,,7152,210,,,0,100,,7158,210,,,0,100,,7163,210,,,0,100,,7159,210,,,0,100,,7155,210,,,0,99,,7156,210,,,0,100,,7164,210,,,0,100,,7165,210,,,0,100,,7166,210,,,0,100,,7167,210,,,0,100,,7168,210,,,0,100,,7169,210,,,0,99,,7170,210,0,16,0
800,'TM-A26-TM_GTFS-Semaine-02',603,,7182,210,,,0,101,,7177,210,,,0,100,,7173,210,,,0,100,,7174,210,,,0,100,,7180,210,,,0,100,,7181,210,,,0,100,,7171,210,,,0,100,,7172,210,,,0,100,,7178,210,,,0,100,,7183,210,,,0,100,,7179,210,,,0,100,,7175,210,,,0,99,,7176,210,,,0,100,,7184,210,,,0,100,,7185,210,,,0,100,,7186,210,,,0,100,,7187,210,,,0,100,,7188,210,,,0,100,,7189,210,,,0,99,,7190,210,0,16,0
800,'TM-A26-TM_GTFS-Week-end-02',703,,7192,210,,,0,100,,7193,210,,,0,100,,7194,210,,,0,100,,7195,210,,,0,100,,7196,210,,,0,100,,7197,210,,,0,100,,7198,210,,,0,100,,7199,210,,,0,100,,7200,210,,,0,100,,7201,210,,,0,100,,7202,210,,,0,100,,7203,210,,,0,100,,7204,210,,,0,100,,7205,210,,,0,100,,7206,210,,,0,100,,7207,210,,,0,100,,7208,210,,,0,100,,7209,210,,,0,99,,7210,210,0,16,0
1101,'TM-A26-TM_GTFS-Fête-1-02',638,,7359,650,,,0,100,,7349,650,,,0,100,,7360,650,,,0,101,,7350,650,,,0,101,,7351,650,,,0,100,,7361,650,,,0,100,,7352,650,,,0,100,,7362,650,,,0,100,,7353,650,,,0,100,,7363,650,,,0,100,,7354,650,,,0,100,,7364,650,,,0,99,,7355,650,,,0,98,,7365,650,,,0,100,,7356,650,,,0,99,,7366,650,,,0,100,,7357,650,,,0,100,,7367,650,,,0,100,,7358,650,,,0
1101,'TM-A26-TM_GTFS-Fête-2-02',607,,7377,540,,,0,30,,7373,650,,,0,70,,7368,650,,,0,30,,7388,650,,,0,70,,7378,650,,,0,30,,7381,650,,,0,100,,7389,650,,,0,100,,7382,650,,,0,102,,7385,650,,,0,100,,7383,650,,,0,100,,7386,650,,,0,100,,7384,650,,,0,97,,7387,650,,,0,70,,7379,650,,,0,32,,7393,650,,,0,70,,7374,650,,,0,31,,7376,650,,,0,69,,7380,650,,,0,30,,7369,650,,,0,69,,7375,650,,,0,30,,7390,650,,,0,103,,7370,650,,,0,99,,7391,650,,,0,100,,7371,650,,,0,99,,7392,650,,,0,101,,7372,650,,,0
1101,'TM-A26-TM_GTFS-Semaine-02',607,,7403,540,,,0,30,,7399,650,,,0,70,,7394,650,,,0,30,,7414,650,,,0,70,,7404,650,,,0,30,,7407,650,,,0,100,,7415,650,,,0,100,,7408,650,,,0,102,,7411,650,,,0,100,,7409,650,,,0,100,,7412,650,,,0,100,,7410,650,,,0,97,,7413,650,,,0,70,,7405,650,,,0,32,,7419,650,,,0,70,,7400,650,,,0,31,,7402,650,,,0,69,,7406,650,,,0,30,,7395,650,,,0,69,,7401,650,,,0,30,,7416,650,,,0,103,,7396,650,,,0,99,,7417,650,,,0,100,,7397,650,,,0,99,,7418,650,,,0,101,,7398,650,,,0
1101,'TM-A26-TM_GTFS-Week-end-02',638,,7430,650,,,0,100,,7420,650,,,0,100,,7431,650,,,0,101,,7421,650,,,0,101,,7422,650,,,0,100,,7432,650,,,0,100,,7423,650,,,0,100,,7433,650,,,0,100,,7424,650,,,0,100,,7434,650,,,0,100,,7425,650,,,0,100,,7435,650,,,0,99,,7426,650,,,0,98,,7436,650,,,0,100,,7427,650,,,0,99,,7437,650,,,0,100,,7428,650,,,0,100,,7438,650,,,0,100,,7429,650,,,0
2001,'TM-A26-TM_GTFS-Fête-1-02',636,,8258,280,,,0,102,,8259,280,,,0,101,,8260,280,,,0,100,,8261,280,,,0,101,,8252,280,,,0,101,,8253,280,,,0,100,,8262,280,,,0,101,,8263,280,,,0,100,,8264,280,,,0,99,,8254,280,,,0,100,,8255,280,,,0,99,,8256,280,,,0,98,,8257,280,,,0,100,,8265,280,,,0,100,,8266,280,,,0,100,,8267,280,,,0,99,,8268,280,,,0,100,,8269,280,,,0,100,,8270,280,,,0
2001,'TM-A26-TM_GTFS-Fête-2-02',538,,8275,280,,,0,101,,8276,280,,,0,70,,8272,280,,,0,30,,8277,280,,,0,72,,8296,280,,,0,30,,8278,280,,,0,70,,8294,280,,,0,30,,8279,280,,,0,100,,8280,280,,,0,101,,8271,280,,,0,100,,8281,280,,,0,100,,8288,280,,,0,99,,8289,280,,,0,99,,8290,280,,,0,100,,8291,280,,,0,64,,8292,280,,,0,30,,8273,280,,,0,70,,8293,280,,,0,30,,8282,280,,,0,71,,8295,280,,,0,29,,8274,280,,,0,105,,8283,280,,,0,99,,8284,280,,,0,97,,8285,280,,,0,100,,8286,280,,,0,100,,8287,280,,,0
2001,'TM-A26-TM_GTFS-Semaine-02',538,,8301,280,,,0,101,,8302,280,,,0,70,,8298,280,,,0,30,,8303,280,,,0,72,,8322,280,,,0,30,,8304,280,,,0,70,,8320,280,,,0,30,,8305,280,,,0,100,,8306,280,,,0,101,,8297,280,,,0,100,,8307,280,,,0,100,,8314,280,,,0,99,,8315,280,,,0,99,,8316,280,,,0,100,,8317,280,,,0,64,,8318,280,,,0,30,,8299,280,,,0,70,,8319,280,,,0,30,,8308,280,,,0,71,,8321,280,,,0,29,,8300,280,,,0,105,,8309,280,,,0,99,,8310,280,,,0,97,,8311,280,,,0,100,,8312,280,,,0,100,,8313,280,,,0
2001,'TM-A26-TM_GTFS-Week-end-02',636,,8329,280,,,0,102,,8330,280,,,0,101,,8331,280,,,0,100,,8332,280,,,0,101,,8323,280,,,0,101,,8324,280,,,0,100,,8333,280,,,0,101,,8334,280,,,0,100,,8335,280,,,0,99,,8325,280,,,0,100,,8326,280,,,0,99,,8327,280,,,0,98,,8328,280,,,0,100,,8336,280,,,0,100,,8337,280,,,0,100,,8338,280,,,0,99,,8339,280,,,0,100,,8340,280,,,0,100,,8341,280,,,0
2100,'TM-A26-TM_GTFS-Fête-2-02',638,,8343,370,0,5,0,94,,8342,590,0,5,0,100,,8344,590,0,5,0,100,,8345,590,0,5,0
2100,'TM-A26-TM_GTFS-Semaine-02',638,,8347,370,0,5,0,94,,8346,590,0,5,0,100,,8348,590,0,5,0,100,,8349,590,0,5,0
2101,'TM-A26-TM_GTFS-Fête-2-02',1639,,8352,590,0,5,0,100,,8351,590,0,5,0,100,,8350,590,0,5,0
2101,'TM-A26-TM_GTFS-Semaine-02',1639,,8355,590,0,5,0,100,,8354,590,0,5,0,100,,8353,590,0,5,0
2701,'TM-A26-TM_GTFS-Semaine-02',602,,8460,240,,,0,98,,8463,240,,,0,100,,8464,240,,,0,100,,8465,330,,,0,731,,8461,330,,,0,103,,8462,330,,,0,100,,8466,330,,,0
