900,'TM-A26-TM_GTFS-Fête-2-02',640,,7213,720,4,,0,100,,7219,720,4,,0,100,,7216,720,4,,0,102,,7217,720,4,,0,100,,7211,720,4,,0,100,,7212,720,4,,0,302,,7218,450,4,,0,200,,7214,450,4,,0,200,,7215,450,4,,0
900,'TM-A26-TM_GTFS-Semaine-02',640,,7222,720,4,,0,100,,7228,720,4,,0,100,,7225,720,4,,0,102,,7226,720,4,,0,100,,7220,720,4,,0,100,,7221,720,4,,0,302,,7227,450,4,,0,200,,7223,450,4,,0,200,,7224,450,4,,0
2100,'TM-A26-TM_GTFS-Fête-2-02',644,,8343,400,4,,0,95,,8342,620,4,,0,100,,8344,620,4,,0,100,,8345,620,4,,0
2100,'TM-A26-TM_GTFS-Semaine-02',644,,8347,400,4,,0,95,,8346,620,4,,0,100,,8348,620,4,,0,100,,8349,620,4,,0
2101,'TM-A26-TM_GTFS-Fête-2-02',1647,,8352,620,4,,0,98,,8351,620,4,,0,100,,8350,620,4,,0
2101,'TM-A26-TM_GTFS-Semaine-02',1647,,8355,620,4,,0,98,,8354,620,4,,0,100,,8353,620,4,,0
2301,'TM-A26-TM_GTFS-Fête-2-02',812,,8377,210,4,,0,102,,8380,210,4,,0,801,,8378,210,4,,0,131,,8379,210,4,,0
2301,'TM-A26-TM_GTFS-Semaine-02',812,,8381,210,4,,0,102,,8384,210,4,,0,396,,8386,210,4,,0,200,,8385,210,4,,0,205,,8382,210,4,,0,131,,8383,210,4,,0
2701,'TM-A26-TM_GTFS-Semaine-02',610,,8460,270,4,,0,98,,8463,270,4,,0,100,,8464,270,4,,0,100,,8465,360,4,,0,734,,8461,360,4,,0,101,,8462,360,4,,0,98,,8466,360,4,,0
3001,'TM-A26-TM_GTFS-Fête-2-02',626,2,8547,30,,,0,23,,8556,30,4,,0,73,2,8557,30,,,0,94,2,8549,30,,,0,28,,8548,30,4,,0,99,,8546,30,4,,0,595,2,8569,80,,,0,64,2,8564,80,,,0,21,2,8559,80,,,0,20,2,8570,80,,,0,60,2,8565,80,,,0,20,2,8568,80,,,0,20,2,8558,80,,,0,59,2,8567,80,,,0,16,2,8562,80,,,0,25,2,8560,80,,,0,69,2,8550,80,,,0
3001,'TM-A26-TM_GTFS-Semaine-02',626,2,8573,30,,,0,23,,8583,30,4,,0,62,2,8609,30,,,0,11,2,8585,30,,,0,7,,8572,30,4,,0,87,2,8575,30,,,0,28,,8574,30,4,,0,99,,8571,30,4,,0,595,2,8606,80,,,0,13,2,8590,80,,,0,51,2,8600,80,,,0,11,2,8594,80,,,0,10,2,8591,80,,,0,10,2,8602,80,,,0,8,,8588,50,4,,0,2,2,8607,80,,,0,10,2,8586,80,,,0,50,2,8601,80,,,0,10,2,8584,80,,,0,10,2,8605,80,,,0,10,2,8599,80,,,0,10,2,8587,80,,,0,9,2,8608,80,,,0,50,2,8604,80,,,0,10,2,8592,80,,,0,6,2,8597,80,,,0,10,2,8595,80,,,0,15,2,8593,80,,,0,15,2,8576,80,,,0,54,2,8577,80,,,0
4500,'TM-A26-TM_GTFS-Fête-2-02',1544,,8627,400,4,,0,103,,8626,400,4,,0,97,,8628,400,4,,0
4500,'TM-A26-TM_GTFS-Semaine-02',1544,,8630,400,4,,0,103,,8629,400,4,,0,97,,8631,400,4,,0
