200,'TM-A26-TM_GTFS-Fête-1-01',731,,4805,650,,,0,206,,4806,650,,,0,200,,4807,650,,,0,200,,4808,650,,,0,200,,4809,650,,,0,196,,4810,650,,,0,198,,4811,650,,,0,200,,4812,650,,,0,200,,4813,650,,,0
200,'TM-A26-TM_GTFS-Fête-2-01',604,,4816,460,,,0,27,,4833,630,,,0,72,,4827,630,,,0,30,,4834,630,,,0,74,,4828,630,,,0,30,,4835,630,,,0,70,,4829,630,,,0,130,,4823,630,,,0,200,,4824,630,,,0,200,,4825,630,0,8 7,0,100,,4822,630,,,0,105,,4831,630,,,0,70,,4830,630,,,0,30,,4832,630,,,0,70,,4826,630,,,0,96,,4815,630,,,0,130,,4821,630,,,0,93,,4818,630,,,0,99,,4817,630,,,0,100,,4819,630,,,0
200,'TM-A26-TM_GTFS-Semaine-01',604,,4837,460,,,0,27,,4854,630,,,0,72,,4848,630,,,0,30,,4855,630,,,0,74,,4849,630,,,0,30,,4856,630,,,0,70,,4850,630,,,0,130,,4844,630,,,0,200,,4845,630,,,0,200,,4846,630,0,8 7,0,100,,4843,630,,,0,105,,4852,630,,,0,70,,4851,630,,,0,30,,4853,630,,,0,70,,4847,630,,,0,96,,4836,630,,,0,130,,4842,630,,,0,93,,4839,630,,,0,99,,4838,630,,,0,100,,4840,630,,,0
200,'TM-A26-TM_GTFS-Week-end-01',731,,4857,650,,,0,206,,4858,650,,,0,200,,4859,650,,,0,200,,4860,650,,,0,200,,4861,650,,,0,196,,4862,650,,,0,198,,4863,650,,,0,200,,4864,650,,,0,200,,4865,650,,,0
1400,'TM-A26-TM_GTFS-Fête-1-01',642,,5259,380,,,0,100,,5264,380,,,0,99,,5262,380,,,0,99,,5276,380,,,0,100,,5271,380,,,0,100,,5269,380,,,0,99,,5272,380,,,0,100,,5270,380,,,0,100,,5273,380,,,0,101,,5277,380,,,0,100,,5274,380,,,0,100,,5278,380,,,0,100,,5275,380,,,0,100,,5261,380,,,0,100,,5265,380,,,0,100,,5268,380,,,0,100,,5266,380,,,0,101,,5263,380,,,0,100,,5267,380,,,0,100,,5260,380,,,0
1400,'TM-A26-TM_GTFS-Fête-2-01',532,,5294,380,,,0,72,,5287,380,,,0,31,,5295,380,,,0,72,,5300,380,,,0,28,,5288,380,,,0,70,,5296,380,,,0,30,,5286,380,,,0,70,,5289,380,,,0,30,,5297,380,,,0,72,,5290,380,,,0,100,,5301,380,,,0,100,,5303,380,,,0,100,,5302,380,,,0,100,,5279,380,,,0,100,,5284,380,,,0,100,,5280,380,,,0,30,,5298,380,,,0,70,,5285,380,,,0,30,,5281,380,,,0,70,,5304,380,,,0,30,,5291,380,,,0,70,,5282,380,,,0,102,,5305,380,,,0,101,,5283,380,,,0,100,,5292,380,,,0,100,,5299,380,,,0,101,,5293,380,,,0,99,,5306,380,,,0
1400,'TM-A26-TM_GTFS-Semaine-01',532,,5322,380,,,0,72,,5315,380,,,0,31,,5323,380,,,0,72,,5328,380,,,0,28,,5316,380,,,0,70,,5324,380,,,0,30,,5314,380,,,0,70,,5317,380,,,0,30,,5325,380,,,0,72,,5318,380,,,0,100,,5329,380,,,0,100,,5331,380,,,0,100,,5330,380,,,0,100,,5307,380,,,0,100,,5312,380,,,0,100,,5308,380,,,0,30,,5326,380,,,0,70,,5313,380,,,0,30,,5309,380,,,0,70,,5332,380,,,0,30,,5319,380,,,0,70,,5310,380,,,0,102,,5333,380,,,0,101,,5311,380,,,0,100,,5320,380,,,0,100,,5327,380,,,0,101,,5321,380,,,0,99,,5334,380,,,0
1400,'TM-A26-TM_GTFS-Week-end-01',642,,5335,380,,,0,100,,5340,380,,,0,99,,5338,380,,,0,99,,5352,380,,,0,100,,5347,380,,,0,100,,5345,380,,,0,99,,5348,380,,,0,100,,5346,380,,,0,100,,5349,380,,,0,101,,5353,380,,,0,100,,5350,380,,,0,100,,5354,380,,,0,100,,5351,380,,,0,100,,5337,380,,,0,100,,5341,380,,,0,100,,5344,380,,,0,100,,5342,380,,,0,101,,5339,380,,,0,100,,5343,380,,,0,100,,5336,380,,,0
1701,'TM-A26-TM_GTFS-Fête-1-01',632,,5541,590,,,0,101,,5532,590,,,0,100,,5523,590,,,0,100,,5533,590,,,0,101,,5524,590,,,0,100,,5534,590,,,0,100,,5525,590,,,0,100,,5535,590,,,0,100,,5526,590,,,0,100,,5536,590,,,0,99,,5527,590,,,0,99,,5537,590,,,0,100,,5528,590,,,0,100,,5538,590,,,0,99,,5529,590,,,0,100,,5539,590,,,0,100,,5530,590,,,0,100,,5540,590,,,0,100,,5531,590,,,0
1701,'TM-A26-TM_GTFS-Fête-2-01',533,,5545,590,,,0,102,,5554,590,,,0,94,,5546,590,,,0,104,,5555,590,,,0,100,,5547,590,,,0,99,,5556,590,,,0,100,,5548,590,,,0,100,,5557,590,,,0,100,,5549,590,,,0,100,,5558,590,,,0,101,,5550,590,,,0,100,,5559,590,,,0,104,,5551,590,,,0,96,,5542,590,,,0,95,,5552,590,,,0,100,,5543,590,,,0,100,,5553,590,,,0,100,,5544,590,,,0,100,,5560,590,,,0,100,,5561,590,,,0
1701,'TM-A26-TM_GTFS-Semaine-01',533,,5565,590,,,0,102,,5574,590,,,0,94,,5566,590,,,0,104,,5575,590,,,0,100,,5567,590,,,0,99,,5576,590,,,0,100,,5568,590,,,0,100,,5577,590,,,0,100,,5569,590,,,0,100,,5578,590,,,0,101,,5570,590,,,0,100,,5579,590,,,0,104,,5571,590,,,0,96,,5562,590,,,0,95,,5572,590,,,0,100,,5563,590,,,0,100,,5573,590,,,0,100,,5564,590,,,0,100,,5580,590,,,0,100,,5581,590,,,0
1701,'TM-A26-TM_GTFS-Week-end-01',632,,5600,590,,,0,101,,5591,590,,,0,100,,5582,590,,,0,100,,5592,590,,,0,101,,5583,590,,,0,100,,5593,590,,,0,100,,5584,590,,,0,100,,5594,590,,,0,100,,5585,590,,,0,100,,5595,590,,,0,99,,5586,590,,,0,99,,5596,590,,,0,100,,5587,590,,,0,100,,5597,590,,,0,99,,5588,590,,,0,100,,5598,590,,,0,100,,5589,590,,,0,100,,5599,590,,,0,100,,5590,590,,,0
1800,'TM-A26-TM_GTFS-Fête-1-01',725,,5604,510,,,0,100,,5605,510,,,0,100,,5606,510,,,0,399,,5607,510,,,0,201,,5601,510,,,0,100,,5602,510,,,0,100,,5603,510,,,0,299,,5608,510,,,0
1800,'TM-A26-TM_GTFS-Fête-2-01',557,,5609,200,,,0,102,,5618,510,,,0,100,,5610,510,,,0,70,,5614,510,,,0,29,,5611,510,,,0,170,,5615,510,,,0,200,,5616,510,,,0,200,,5617,510,,,0,129,,5612,510,,,0,100,,5621,510,,,0,100,,5622,510,,,0,71,,5619,250,,,0,98,,5620,510,,,0,200,,5613,510,,,0
1800,'TM-A26-TM_GTFS-Semaine-01',557,,5623,200,,,0,102,,5632,510,,,0,100,,5624,510,,,0,70,,5628,510,,,0,29,,5625,510,,,0,170,,5629,510,,,0,200,,5630,510,,,0,200,,5631,510,,,0,129,,5626,510,,,0,100,,5635,510,,,0,100,,5636,510,,,0,71,,5633,250,,,0,98,,5634,510,,,0,200,,5627,510,,,0
1800,'TM-A26-TM_GTFS-Week-end-01',725,,5640,510,,,0,100,,5641,510,,,0,100,,5642,510,,,0,399,,5643,510,,,0,201,,5637,510,,,0,100,,5638,510,,,0,100,,5639,510,,,0,299,,5644,510,,,0
2301,'TM-A26-TM_GTFS-Fête-2-01',802,,6197,160,,,0,102,,6200,160,,,0,800,,6198,160,,,0,134,,6199,160,,,0
2301,'TM-A26-TM_GTFS-Semaine-01',802,,6201,160,,,0,102,,6204,160,,,0,396,,6206,160,,,0,200,,6205,160,,,0,204,,6202,160,,,0,134,,6203,160,,,0
