300,'TM-A26-TM_GTFS-Fête-1-02',754,,7048,20,,,0,200,,7049,20,,,0,200,,7050,20,,,0,200,,7051,20,,,0,200,,7052,20,,,0,200,,7053,20,,,0,200,,7054,20,,,0,200,,7055,20,,,0,200,,7056,20,,,0
300,'TM-A26-TM_GTFS-Fête-2-02',554,,7059,20,,,0,70,,7075,20,,,0,30,,7069,20,,,0,70,,7074,20,,,0,30,,7068,20,,,0,100,,7063,20,,,0,201,,7064,20,,,0,200,,7065,20,,,0,170,,7067,20,,,0,105,,7066,20,,,0,95,,7072,20,,,0,30,,7071,20,,,0,70,,7073,20,,,0,30,,7070,20,,,0,100,,7057,20,,,0,169,,7060,20,,,0,100,,7061,20,,,0,230,,7062,20,,,0
300,'TM-A26-TM_GTFS-Semaine-02',554,,7078,20,,,0,70,,7094,20,,,0,30,,7088,20,,,0,70,,7093,20,,,0,30,,7087,20,,,0,100,,7082,20,,,0,201,,7083,20,,,0,200,,7084,20,,,0,170,,7086,20,,,0,105,,7085,20,,,0,95,,7091,20,,,0,30,,7090,20,,,0,70,,7092,20,,,0,30,,7089,20,,,0,100,,7076,20,,,0,169,,7079,20,,,0,100,,7080,20,,,0,230,,7081,20,,,0
300,'TM-A26-TM_GTFS-Week-end-02',754,,7096,20,,,0,200,,7097,20,,,0,200,,7098,20,,,0,200,,7099,20,,,0,200,,7100,20,,,0,200,,7101,20,,,0,200,,7102,20,,,0,200,,7103,20,,,0,200,,7104,20,,,0
1401,'TM-A26-TM_GTFS-Fête-1-02',751,,7540,20,,,0,103,,7537,20,,,0,101,,7551,20,,,0,100,,7547,20,,,0,100,,7545,20,,,0,100,,7548,20,,,0,100,,7546,20,,,0,100,,7549,20,,,0,100,,7552,20,,,0,100,,7550,20,,,0,100,,7535,20,,,0,100,,7538,20,,,0,100,,7536,20,,,0,100,,7541,20,,,0,97,,7544,20,,,0,103,,7542,20,,,0,99,,7539,20,,,0,100,,7543,20,,,0
1401,'TM-A26-TM_GTFS-Fête-2-02',624,,7560,20,,,0,30,,7568,20,,,0,70,,7579,20,,,0,30,,7561,20,,,0,70,,7569,20,,,0,30,,7559,20,,,0,70,,7562,20,,,0,30,,7570,20,,,0,70,,7563,20,,,0,100,,7572,20,,,0,100,,7574,20,,,0,100,,7573,20,,,0,101,,7553,20,,,0,100,,7558,20,,,0,100,,7554,20,,,0,30,,7575,20,,,0,70,,7564,20,,,0,30,,7555,20,,,0,69,,7576,20,,,0,30,,7565,20,,,0,70,,7556,20,,,0,100,,7577,20,,,0,100,,7557,20,,,0,100,,7566,20,,,0,100,,7571,20,,,0,100,,7567,20,,,0,100,,7578,20,,,0
1401,'TM-A26-TM_GTFS-Semaine-02',624,,7587,20,,,0,30,,7595,20,,,0,70,,7606,20,,,0,30,,7588,20,,,0,70,,7596,20,,,0,30,,7586,20,,,0,70,,7589,20,,,0,30,,7597,20,,,0,70,,7590,20,,,0,100,,7599,20,,,0,100,,7601,20,,,0,100,,7600,20,,,0,101,,7580,20,,,0,100,,7585,20,,,0,100,,7581,20,,,0,30,,7602,20,,,0,70,,7591,20,,,0,30,,7582,20,,,0,69,,7603,20,,,0,30,,7592,20,,,0,70,,7583,20,,,0,100,,7604,20,,,0,100,,7584,20,,,0,100,,7593,20,,,0,100,,7598,20,,,0,100,,7594,20,,,0,100,,7605,20,,,0
1401,'TM-A26-TM_GTFS-Week-end-02',751,,7612,20,,,0,103,,7609,20,,,0,101,,7623,20,,,0,100,,7619,20,,,0,100,,7617,20,,,0,100,,7620,20,,,0,100,,7618,20,,,0,100,,7621,20,,,0,100,,7624,20,,,0,100,,7622,20,,,0,100,,7607,20,,,0,100,,7610,20,,,0,100,,7608,20,,,0,100,,7613,20,,,0,97,,7616,20,,,0,103,,7614,20,,,0,99,,7611,20,,,0,100,,7615,20,,,0
1700,'TM-A26-TM_GTFS-Fête-1-02',654,,7625,20,,,0,100,,7635,20,,,0,100,,7626,20,,,0,101,,7636,20,,,0,100,,7627,20,,,0,100,,7637,20,,,0,100,,7628,20,,,0,100,,7638,20,,,0,100,,7629,20,,,0,100,,7639,20,,,0,100,,7630,20,,,0,100,,7640,20,,,0,99,,7631,20,,,0,100,,7641,20,,,0,100,,7632,20,,,0,100,,7642,20,,,0,100,,7633,20,,,0,100,,7643,20,,,0,100,,7634,20,,,0
1700,'TM-A26-TM_GTFS-Fête-2-02',554,,7648,20,,,0,101,,7656,20,,,0,100,,7649,20,,,0,100,,7657,20,,,0,100,,7650,20,,,0,100,,7644,20,,,0,100,,7651,20,,,0,100,,7658,20,,,0,100,,7652,20,,,0,100,,7659,20,,,0,100,,7653,20,,,0,100,,7645,20,,,0,100,,7654,20,,,0,100,,7646,20,,,0,100,,7655,20,,,0,100,,7647,20,,,0,100,,7661,20,,,0,99,,7663,20,,,0,100,,7662,20,,,0,100,,7660,20,,,0
1700,'TM-A26-TM_GTFS-Semaine-02',554,,7668,20,,,0,101,,7676,20,,,0,100,,7669,20,,,0,100,,7677,20,,,0,100,,7670,20,,,0,100,,7664,20,,,0,100,,7671,20,,,0,100,,7678,20,,,0,100,,7672,20,,,0,100,,7679,20,,,0,100,,7673,20,,,0,100,,7665,20,,,0,100,,7674,20,,,0,100,,7666,20,,,0,100,,7675,20,,,0,100,,7667,20,,,0,100,,7681,20,,,0,99,,7683,20,,,0,100,,7682,20,,,0,100,,7680,20,,,0
1700,'TM-A26-TM_GTFS-Week-end-02',654,,7684,20,,,0,100,,7694,20,,,0,100,,7685,20,,,0,101,,7695,20,,,0,100,,7686,20,,,0,100,,7696,20,,,0,100,,7687,20,,,0,100,,7697,20,,,0,100,,7688,20,,,0,100,,7698,20,,,0,100,,7689,20,,,0,100,,7699,20,,,0,99,,7690,20,,,0,100,,7700,20,,,0,100,,7691,20,,,0,100,,7701,20,,,0,100,,7692,20,,,0,100,,7702,20,,,0,100,,7693,20,,,0
1801,'TM-A26-TM_GTFS-Fête-2-02',554,,7827,20,0,6 7,0,100,,7828,20,0,6 7,0,93,,7836,20,0,6 7,0,107,,7829,20,0,6 7,0,200,,7830,20,0,6 7,0,200,,7831,20,0,6 7,0,200,,7832,20,0,6 7,0,101,,7826,20,0,6 7,0,100,,7834,20,0,6 7,0,100,,7833,20,0,6 7,0,199,,7825,20,0,6 7,0,200,,7835,20,0,6 7,0,300,,7837,20,0,11,0
1801,'TM-A26-TM_GTFS-Semaine-02',554,,7840,20,0,6 7,0,100,,7841,20,0,6 7,0,93,,7849,20,0,6 7,0,107,,7842,20,0,6 7,0,200,,7843,20,0,6 7,0,200,,7844,20,0,6 7,0,200,,7845,20,0,6 7,0,101,,7839,20,0,6 7,0,100,,7847,20,0,6 7,0,100,,7846,20,0,6 7,0,199,,7838,20,0,6 7,0,200,,7848,20,0,6 7,0,300,,7850,20,0,11,0
