200,'TM-A26-TM_GTFS-Fête-1-01',717,,4805,390,,,0,205,,4806,390,,,0,200,,4807,390,,,0,200,,4808,390,,,0,200,,4809,390,,,0,196,,4810,390,,,0,199,,4811,390,,,0,200,,4812,390,,,0,200,,4813,390,,,0,198,,4814,390,0,12,0
200,'TM-A26-TM_GTFS-Fête-2-01',549,,4816,200,,,0,67,,4833,370,,,0,32,,4827,370,,,0,70,,4834,370,,,0,33,,4828,370,,,0,70,,4835,370,,,0,30,,4829,370,,,0,170,,4823,370,,,0,200,,4824,370,,,0,200,,4825,370,0,8 7,0,100,,4822,370,,,0,104,,4831,370,,,0,30,,4830,370,,,0,70,,4832,370,,,0,30,,4826,370,,,0,97,,4815,370,,,0,170,,4821,370,,,0,94,,4818,370,,,0,100,,4817,370,,,0,100,,4819,370,,,0,197,,4820,370,0,12,0
200,'TM-A26-TM_GTFS-Semaine-01',549,,4837,200,,,0,67,,4854,370,,,0,32,,4848,370,,,0,70,,4855,370,,,0,33,,4849,370,,,0,70,,4856,370,,,0,30,,4850,370,,,0,170,,4844,370,,,0,200,,4845,370,,,0,200,,4846,370,0,8 7,0,100,,4843,370,,,0,104,,4852,370,,,0,30,,4851,370,,,0,70,,4853,370,,,0,30,,4847,370,,,0,97,,4836,370,,,0,170,,4842,370,,,0,94,,4839,370,,,0,100,,4838,370,,,0,100,,4840,370,,,0,197,,4841,370,0,12,0
200,'TM-A26-TM_GTFS-Week-end-01',717,,4857,390,,,0,205,,4858,390,,,0,200,,4859,390,,,0,200,,4860,390,,,0,200,,4861,390,,,0,196,,4862,390,,,0,199,,4863,390,,,0,200,,4864,390,,,0,200,,4865,390,,,0,198,,4866,390,0,12,0
2000,'TM-A26-TM_GTFS-Fête-1-01',707,,5991,250,,,0,100,,5992,250,,,0,101,,5993,250,,,0,102,,5982,250,,,0,100,,5983,250,,,0,100,,5984,250,,,0,101,,5985,250,,,0,100,,5986,250,,,0,100,,5987,250,,,0,100,,5988,250,,,0,99,,5989,250,,,0,100,,5990,250,,,0,98,,5994,250,,,0,100,,5995,250,,,0,100,,5996,250,,,0,100,,5997,250,,,0,99,,5998,250,,,0,100,,5999,250,,,0,99,,6000,250,,,0
2000,'TM-A26-TM_GTFS-Fête-2-01',607,,6007,250,,,0,30,,6002,250,,,0,70,,6008,250,,,0,31,,6026,250,,,0,70,,6009,250,,,0,30,,6024,250,,,0,71,,6010,250,,,0,100,,6011,250,,,0,100,,6012,250,,,0,100,,6013,250,,,0,102,,6017,250,,,0,100,,6001,250,,,0,100,,6016,250,,,0,100,,6003,250,,,0,30,,6005,250,,,0,70,,6004,250,,,0,29,,6023,250,,,0,70,,6014,250,,,0,29,,6025,250,,,0,70,,6006,250,,,0,99,,6015,250,,,0,100,,6018,250,,,0,100,,6019,250,,,0,98,,6020,250,,,0,100,,6021,250,,,0,99,,6022,250,,,0
2000,'TM-A26-TM_GTFS-Semaine-01',607,,6033,250,,,0,30,,6028,250,,,0,70,,6034,250,,,0,31,,6052,250,,,0,70,,6035,250,,,0,30,,6050,250,,,0,71,,6036,250,,,0,100,,6037,250,,,0,100,,6038,250,,,0,100,,6039,250,,,0,102,,6043,250,,,0,100,,6027,250,,,0,100,,6042,250,,,0,100,,6029,250,,,0,30,,6031,250,,,0,70,,6030,250,,,0,29,,6049,250,,,0,70,,6040,250,,,0,29,,6051,250,,,0,70,,6032,250,,,0,99,,6041,250,,,0,100,,6044,250,,,0,100,,6045,250,,,0,98,,6046,250,,,0,100,,6047,250,,,0,99,,6048,250,,,0
2000,'TM-A26-TM_GTFS-Week-end-01',707,,6062,250,,,0,100,,6063,250,,,0,101,,6064,250,,,0,102,,6053,250,,,0,100,,6054,250,,,0,100,,6055,250,,,0,101,,6056,250,,,0,100,,6057,250,,,0,100,,6058,250,,,0,100,,6059,250,,,0,99,,6060,250,,,0,100,,6061,250,,,0,98,,6065,250,,,0,100,,6066,250,,,0,100,,6067,250,,,0,100,,6068,250,,,0,99,,6069,250,,,0,100,,6070,250,,,0,99,,6071,250,,,0
2100,'TM-A26-TM_GTFS-Fête-2-01',706,,6162,220,0,5,0,100,,6164,220,0,5,0,100,,6165,220,0,5,0
2100,'TM-A26-TM_GTFS-Semaine-01',706,,6166,220,0,5,0,100,,6168,220,0,5,0,100,,6169,220,0,5,0
2201,'TM-A26-TM_GTFS-Semaine-01',1207,,6179,290,,,0,109,,6180,290,,,0,193,,6184,290,,,0,119,,6181,290,,,0,112,,6182,290,,,0,96,,6183,290,,,0
