1100,'TM-A26-TM_GTFS-Fête-1-02',627,,7251,550,,,0,100,,7261,550,,,0,101,,7252,550,,,0,101,,7253,550,,,0,100,,7262,550,,,0,101,,7254,550,,,0,100,,7263,550,,,0,100,,7255,550,,,0,100,,7264,550,,,0,100,,7256,550,,,0,100,,7265,550,,,0,100,,7257,550,,,0,99,,7266,550,,,0,100,,7258,550,,,0,100,,7267,550,,,0,98,,7259,550,,,0,100,,7268,550,,,0,100,,7260,550,,,0,100,,7269,550,,,0,100,,7270,550,,,0
1100,'TM-A26-TM_GTFS-Fête-2-02',557,,7271,550,,,0,70,,7293,550,,,0,30,,7282,550,,,0,70,,7278,550,,,0,30,,7272,550,,,0,70,,7294,550,,,0,30,,7283,550,,,0,71,,7286,550,,,0,101,,7290,550,,,0,100,,7287,550,,,0,100,,7291,550,,,0,100,,7288,550,,,0,101,,7292,550,,,0,100,,7299,550,,,0,70,,7279,550,,,0,31,,7281,550,,,0,69,,7284,550,,,0,30,,7273,550,,,0,70,,7280,550,,,0,30,,7295,550,,,0,70,,7285,550,,,0,29,,7274,550,,,0,28,,7289,550,,,0,70,,7296,550,,,0,100,,7275,550,,,0,100,,7297,550,,,0,100,,7276,550,,,0,100,,7298,550,,,0,100,,7277,550,,,0
1100,'TM-A26-TM_GTFS-Semaine-02',557,,7300,550,,,0,70,,7322,550,,,0,30,,7311,550,,,0,70,,7307,550,,,0,30,,7301,550,,,0,70,,7323,550,,,0,30,,7312,550,,,0,71,,7315,550,,,0,101,,7319,550,,,0,100,,7316,550,,,0,100,,7320,550,,,0,100,,7317,550,,,0,101,,7321,550,,,0,100,,7328,550,,,0,70,,7308,550,,,0,31,,7310,550,,,0,69,,7313,550,,,0,30,,7302,550,,,0,70,,7309,550,,,0,30,,7324,550,,,0,70,,7314,550,,,0,29,,7303,550,,,0,28,,7318,550,,,0,70,,7325,550,,,0,100,,7304,550,,,0,100,,7326,550,,,0,100,,7305,550,,,0,100,,7327,550,,,0,100,,7306,550,,,0
1100,'TM-A26-TM_GTFS-Week-end-02',627,,7329,550,,,0,100,,7339,550,,,0,101,,7330,550,,,0,101,,7331,550,,,0,100,,7340,550,,,0,101,,7332,550,,,0,100,,7341,550,,,0,100,,7333,550,,,0,100,,7342,550,,,0,100,,7334,550,,,0,100,,7343,550,,,0,100,,7335,550,,,0,99,,7344,550,,,0,100,,7336,550,,,0,100,,7345,550,,,0,98,,7337,550,,,0,100,,7346,550,,,0,100,,7338,550,,,0,100,,7347,550,,,0,100,,7348,550,,,0
1101,'TM-A26-TM_GTFS-Fête-1-02',602,,7359,100,,,0,100,,7349,100,,,0,100,,7360,100,,,0,101,,7350,100,,,0,100,,7351,100,,,0,100,,7361,100,,,0,100,,7352,100,,,0,100,,7362,100,,,0,100,,7353,100,,,0,100,,7363,100,,,0,100,,7354,100,,,0,100,,7364,100,,,0,100,,7355,100,,,0,100,,7365,100,,,0,100,,7356,100,,,0,99,,7366,100,,,0,100,,7357,100,,,0,100,,7367,100,,,0,100,,7358,100,,,0
1101,'TM-A26-TM_GTFS-Fête-2-02',601,,7373,100,,,0,30,,7368,100,,,0,70,,7388,100,,,0,30,,7378,100,,,0,70,,7381,100,,,0,100,,7389,100,,,0,57,,7382,100,,,0,142,,7385,100,,,0,100,,7383,100,,,0,100,,7386,100,,,0,100,,7384,100,,,0,57,,7387,100,,,0,70,,7379,100,,,0,73,,7393,100,,,0,30,,7374,100,,,0,72,,7376,100,,,0,29,,7380,100,,,0,70,,7369,100,,,0,29,,7375,100,,,0,72,,7390,100,,,0,103,,7370,100,,,0,99,,7391,100,,,0,101,,7371,100,,,0,99,,7392,100,,,0,101,,7372,100,,,0
1101,'TM-A26-TM_GTFS-Semaine-02',601,,7399,100,,,0,30,,7394,100,,,0,70,,7414,100,,,0,30,,7404,100,,,0,70,,7407,100,,,0,100,,7415,100,,,0,57,,7408,100,,,0,142,,7411,100,,,0,100,,7409,100,,,0,100,,7412,100,,,0,100,,7410,100,,,0,57,,7413,100,,,0,70,,7405,100,,,0,73,,7419,100,,,0,30,,7400,100,,,0,72,,7402,100,,,0,29,,7406,100,,,0,70,,7395,100,,,0,29,,7401,100,,,0,72,,7416,100,,,0,103,,7396,100,,,0,99,,7417,100,,,0,101,,7397,100,,,0,99,,7418,100,,,0,101,,7398,100,,,0
1101,'TM-A26-TM_GTFS-Week-end-02',602,,7430,100,,,0,100,,7420,100,,,0,100,,7431,100,,,0,101,,7421,100,,,0,100,,7422,100,,,0,100,,7432,100,,,0,100,,7423,100,,,0,100,,7433,100,,,0,100,,7424,100,,,0,100,,7434,100,,,0,100,,7425,100,,,0,100,,7435,100,,,0,100,,7426,100,,,0,100,,7436,100,,,0,100,,7427,100,,,0,99,,7437,100,,,0,100,,7428,100,,,0,100,,7438,100,,,0,100,,7429,100,,,0
4000,'TM-A26-TM_GTFS-Fête-1-02',725,,8614,270,,,0,397,,8615,270,,,0,500,,8616,270,,,0
4000,'TM-A26-TM_GTFS-Week-end-02',725,,8617,270,,,0,397,,8618,270,,,0,500,,8619,270,,,0
4001,'TM-A26-TM_GTFS-Fête-1-02',812,,8620,120,,,0,401,,8621,120,,,0,499,,8622,120,,,0
4001,'TM-A26-TM_GTFS-Week-end-02',812,,8623,120,,,0,401,,8624,120,,,0,499,,8625,120,,,0
