200,'TM-A26-TM_GTFS-Fête-1-02',657,,6985,100,,,0,200,,6986,100,,,0,200,,6987,100,,,0,200,,6988,100,,,0,200,,6989,100,,,0,200,,6990,100,,,0,200,,6991,100,,,0,200,,6992,100,,,0,200,,6993,100,,,0,200,,6994,100,0,12,0
200,'TM-A26-TM_GTFS-Fête-2-02',557,,7013,100,,,0,70,,7007,100,,,0,30,,7014,100,,,0,70,,7008,100,,,0,30,,7015,100,,,0,70,,7009,100,,,0,130,,7003,100,,,0,200,,7004,100,,,0,200,,7005,100,0,8 7,0,101,,7002,100,,,0,100,,7011,100,,,0,70,,7010,100,,,0,30,,7012,100,,,0,70,,7006,100,,,0,100,,6995,100,,,0,130,,7001,100,,,0,98,,6998,100,,,0,100,,6997,100,,,0,100,,6999,100,,,0,200,,7000,100,0,12,0
200,'TM-A26-TM_GTFS-Semaine-02',557,,7034,100,,,0,70,,7028,100,,,0,30,,7035,100,,,0,70,,7029,100,,,0,30,,7036,100,,,0,70,,7030,100,,,0,130,,7024,100,,,0,200,,7025,100,,,0,200,,7026,100,0,8 7,0,101,,7023,100,,,0,100,,7032,100,,,0,70,,7031,100,,,0,30,,7033,100,,,0,70,,7027,100,,,0,100,,7016,100,,,0,130,,7022,100,,,0,98,,7019,100,,,0,100,,7018,100,,,0,100,,7020,100,,,0,200,,7021,100,0,12,0
200,'TM-A26-TM_GTFS-Week-end-02',657,,7037,100,,,0,200,,7038,100,,,0,200,,7039,100,,,0,200,,7040,100,,,0,200,,7041,100,,,0,200,,7042,100,,,0,200,,7043,100,,,0,200,,7044,100,,,0,200,,7045,100,,,0,200,,7046,100,0,12,0
401,'TM-A26-TM_GTFS-Fête-2-02',547,,7116,180,,,0,100,,7118,180,,,0,100,,7117,180,,,0,101,,7115,180,,,0,1074,,7119,180,,,0
401,'TM-A26-TM_GTFS-Semaine-02',547,,7121,180,,,0,100,,7123,180,,,0,100,,7122,180,,,0,101,,7120,180,,,0,1074,,7124,180,,,0
1100,'TM-A26-TM_GTFS-Fête-1-02',556,,7251,100,,,0,100,,7261,100,,,0,100,,7252,100,,,0,100,,7253,100,,,0,100,,7262,100,,,0,101,,7254,100,,,0,100,,7263,100,,,0,100,,7255,100,,,0,100,,7264,100,,,0,100,,7256,100,,,0,100,,7265,100,,,0,100,,7257,100,,,0,100,,7266,100,,,0,100,,7258,100,,,0,100,,7267,100,,,0,100,,7259,100,,,0,100,,7268,100,,,0,100,,7260,100,,,0,100,,7269,100,,,0,100,,7270,100,,,0
1100,'TM-A26-TM_GTFS-Fête-2-02',526,,7271,100,,,0,30,,7293,100,,,0,70,,7282,100,,,0,30,,7278,100,,,0,70,,7272,100,,,0,30,,7294,100,,,0,70,,7283,100,,,0,31,,7286,100,,,0,100,,7290,100,,,0,100,,7287,100,,,0,100,,7291,100,,,0,100,,7288,100,,,0,101,,7292,100,,,0,100,,7299,100,,,0,70,,7279,100,,,0,30,,7281,100,,,0,70,,7284,100,,,0,30,,7273,100,,,0,70,,7280,100,,,0,30,,7295,100,,,0,70,,7285,100,,,0,29,,7274,100,,,0,69,,7289,100,,,0,30,,7296,100,,,0,100,,7275,100,,,0,100,,7297,100,,,0,100,,7276,100,,,0,100,,7298,100,,,0,100,,7277,100,,,0
1100,'TM-A26-TM_GTFS-Semaine-02',526,,7300,100,,,0,30,,7322,100,,,0,70,,7311,100,,,0,30,,7307,100,,,0,70,,7301,100,,,0,30,,7323,100,,,0,70,,7312,100,,,0,31,,7315,100,,,0,100,,7319,100,,,0,100,,7316,100,,,0,100,,7320,100,,,0,100,,7317,100,,,0,101,,7321,100,,,0,100,,7328,100,,,0,70,,7308,100,,,0,30,,7310,100,,,0,70,,7313,100,,,0,30,,7302,100,,,0,70,,7309,100,,,0,30,,7324,100,,,0,70,,7314,100,,,0,29,,7303,100,,,0,69,,7318,100,,,0,30,,7325,100,,,0,100,,7304,100,,,0,100,,7326,100,,,0,100,,7305,100,,,0,100,,7327,100,,,0,100,,7306,100,,,0
1100,'TM-A26-TM_GTFS-Week-end-02',556,,7329,100,,,0,100,,7339,100,,,0,100,,7330,100,,,0,100,,7331,100,,,0,100,,7340,100,,,0,101,,7332,100,,,0,100,,7341,100,,,0,100,,7333,100,,,0,100,,7342,100,,,0,100,,7334,100,,,0,100,,7343,100,,,0,100,,7335,100,,,0,100,,7344,100,,,0,100,,7336,100,,,0,100,,7345,100,,,0,100,,7337,100,,,0,100,,7346,100,,,0,100,,7338,100,,,0,100,,7347,100,,,0,100,,7348,100,,,0
2000,'TM-A26-TM_GTFS-Fête-1-02',656,,8171,100,,,0,100,,8172,100,,,0,101,,8173,100,,,0,100,,8162,100,,,0,100,,8163,100,,,0,100,,8164,100,,,0,100,,8165,100,,,0,100,,8166,100,,,0,100,,8167,100,,,0,100,,8168,100,,,0,100,,8169,100,,,0,100,,8170,100,,,0,100,,8174,100,,,0,100,,8175,100,,,0,100,,8176,100,,,0,100,,8177,100,,,0,99,,8178,100,,,0,100,,8179,100,,,0,100,,8180,100,,,0
2000,'TM-A26-TM_GTFS-Fête-2-02',557,,8187,100,,,0,70,,8182,100,,,0,30,,8188,100,,,0,70,,8206,100,,,0,30,,8189,100,,,0,70,,8204,100,,,0,30,,8190,100,,,0,100,,8191,100,,,0,100,,8192,100,,,0,100,,8193,100,,,0,101,,8197,100,,,0,100,,8181,100,,,0,100,,8196,100,,,0,100,,8183,100,,,0,70,,8185,100,,,0,30,,8184,100,,,0,69,,8203,100,,,0,30,,8194,100,,,0,70,,8205,100,,,0,30,,8186,100,,,0,100,,8195,100,,,0,100,,8198,100,,,0,100,,8199,100,,,0,99,,8200,100,,,0,100,,8201,100,,,0,100,,8202,100,,,0
2000,'TM-A26-TM_GTFS-Semaine-02',557,,8213,100,,,0,70,,8208,100,,,0,30,,8214,100,,,0,70,,8232,100,,,0,30,,8215,100,,,0,70,,8230,100,,,0,30,,8216,100,,,0,100,,8217,100,,,0,100,,8218,100,,,0,100,,8219,100,,,0,101,,8223,100,,,0,100,,8207,100,,,0,100,,8222,100,,,0,100,,8209,100,,,0,70,,8211,100,,,0,30,,8210,100,,,0,69,,8229,100,,,0,30,,8220,100,,,0,70,,8231,100,,,0,30,,8212,100,,,0,100,,8221,100,,,0,100,,8224,100,,,0,100,,8225,100,,,0,99,,8226,100,,,0,100,,8227,100,,,0,100,,8228,100,,,0
2000,'TM-A26-TM_GTFS-Week-end-02',656,,8242,100,,,0,100,,8243,100,,,0,101,,8244,100,,,0,100,,8233,100,,,0,100,,8234,100,,,0,100,,8235,100,,,0,100,,8236,100,,,0,100,,8237,100,,,0,100,,8238,100,,,0,100,,8239,100,,,0,100,,8240,100,,,0,100,,8241,100,,,0,100,,8245,100,,,0,100,,8246,100,,,0,100,,8247,100,,,0,100,,8248,100,,,0,99,,8249,100,,,0,100,,8250,100,,,0,100,,8251,100,,,0
2100,'TM-A26-TM_GTFS-Fête-2-02',656,,8342,100,0,5,0,100,,8344,100,0,5,0,100,,8345,100,0,5,0
2100,'TM-A26-TM_GTFS-Semaine-02',656,,8346,100,0,5,0,100,,8348,100,0,5,0,100,,8349,100,0,5,0
2101,'TM-A26-TM_GTFS-Fête-2-02',1558,,8352,100,0,5,0,100,,8351,100,0,5,0,100,,8350,100,0,5,0
2101,'TM-A26-TM_GTFS-Semaine-02',1558,,8355,100,0,5,0,100,,8354,100,0,5,0,100,,8353,100,0,5,0
2700,'TM-A26-TM_GTFS-Semaine-02',721,,8458,100,,,0,100,,8453,100,,,0,706,,8456,100,,,0,100,,8457,100,,,0,100,,8455,100,,,0,100,,8454,100,,,0,100,,8459,100,,,0
