300,'TM-A26-TM_GTFS-Fête-1-02',625,,7047,430,,,0,201,,7048,550,,,0,207,,7049,550,,,0,200,,7050,550,,,0,200,,7051,550,,,0,197,,7052,550,,,0,197,,7053,550,,,0,199,,7054,550,,,0,200,,7055,550,,,0,198,,7056,550,,,0
300,'TM-A26-TM_GTFS-Fête-2-02',532,,7058,420,,,0,97,,7059,540,,,0,30,,7075,540,,,0,71,,7069,540,,,0,70,,7074,540,,,0,32,,7068,540,,,0,100,,7063,540,,,0,200,,7064,540,,,0,200,,7065,540,,,0,171,,7067,540,,,0,105,,7066,540,,,0,99,,7072,540,,,0,28,,7071,540,,,0,67,,7073,540,,,0,30,,7070,540,,,0,95,,7057,540,,,0,128,,7060,540,,,0,100,,7061,540,,,0,268,,7062,540,,,0
300,'TM-A26-TM_GTFS-Semaine-02',532,,7077,420,,,0,97,,7078,540,,,0,30,,7094,540,,,0,71,,7088,540,,,0,70,,7093,540,,,0,32,,7087,540,,,0,100,,7082,540,,,0,200,,7083,540,,,0,200,,7084,540,,,0,171,,7086,540,,,0,105,,7085,540,,,0,99,,7091,540,,,0,28,,7090,540,,,0,67,,7092,540,,,0,30,,7089,540,,,0,95,,7076,540,,,0,128,,7079,540,,,0,100,,7080,540,,,0,268,,7081,540,,,0
300,'TM-A26-TM_GTFS-Week-end-02',625,,7095,430,,,0,201,,7096,550,,,0,207,,7097,550,,,0,200,,7098,550,,,0,200,,7099,550,,,0,197,,7100,550,,,0,197,,7101,550,,,0,199,,7102,550,,,0,200,,7103,550,,,0,198,,7104,550,,,0
2001,'TM-A26-TM_GTFS-Fête-1-02',629,,8258,190,,,0,101,,8259,190,,,0,101,,8260,190,,,0,100,,8261,190,,,0,101,,8252,190,,,0,101,,8253,190,,,0,100,,8262,190,,,0,101,,8263,190,,,0,100,,8264,190,,,0,99,,8254,190,,,0,100,,8255,190,,,0,99,,8256,190,,,0,99,,8257,190,,,0,100,,8265,190,,,0,100,,8266,190,,,0,100,,8267,190,,,0,99,,8268,190,,,0,100,,8269,190,,,0,100,,8270,190,,,0
2001,'TM-A26-TM_GTFS-Fête-2-02',531,,8275,190,,,0,100,,8276,190,,,0,70,,8272,190,,,0,30,,8277,190,,,0,72,,8296,190,,,0,30,,8278,190,,,0,70,,8294,190,,,0,30,,8279,190,,,0,100,,8280,190,,,0,101,,8271,190,,,0,100,,8281,190,,,0,100,,8288,190,,,0,98,,8289,190,,,0,99,,8290,190,,,0,100,,8291,190,,,0,25,,8292,190,,,0,70,,8273,190,,,0,30,,8293,190,,,0,70,,8282,190,,,0,31,,8295,190,,,0,70,,8274,190,,,0,105,,8283,190,,,0,99,,8284,190,,,0,98,,8285,190,,,0,100,,8286,190,,,0,100,,8287,190,,,0
2001,'TM-A26-TM_GTFS-Semaine-02',531,,8301,190,,,0,100,,8302,190,,,0,70,,8298,190,,,0,30,,8303,190,,,0,72,,8322,190,,,0,30,,8304,190,,,0,70,,8320,190,,,0,30,,8305,190,,,0,100,,8306,190,,,0,101,,8297,190,,,0,100,,8307,190,,,0,100,,8314,190,,,0,98,,8315,190,,,0,99,,8316,190,,,0,100,,8317,190,,,0,25,,8318,190,,,0,70,,8299,190,,,0,30,,8319,190,,,0,70,,8308,190,,,0,31,,8321,190,,,0,70,,8300,190,,,0,105,,8309,190,,,0,99,,8310,190,,,0,98,,8311,190,,,0,100,,8312,190,,,0,100,,8313,190,,,0
2001,'TM-A26-TM_GTFS-Week-end-02',629,,8329,190,,,0,101,,8330,190,,,0,101,,8331,190,,,0,100,,8332,190,,,0,101,,8323,190,,,0,101,,8324,190,,,0,100,,8333,190,,,0,101,,8334,190,,,0,100,,8335,190,,,0,99,,8325,190,,,0,100,,8326,190,,,0,99,,8327,190,,,0,99,,8328,190,,,0,100,,8336,190,,,0,100,,8337,190,,,0,100,,8338,190,,,0,99,,8339,190,,,0,100,,8340,190,,,0,100,,8341,190,,,0
2100,'TM-A26-TM_GTFS-Fête-2-02',632,,8343,280,0,5,0,93,,8342,500,0,5,0,100,,8344,500,0,5,0,100,,8345,500,0,5,0
2100,'TM-A26-TM_GTFS-Semaine-02',632,,8347,280,0,5,0,93,,8346,500,0,5,0,100,,8348,500,0,5,0,100,,8349,500,0,5,0
2101,'TM-A26-TM_GTFS-Fête-2-02',1631,,8352,500,0,5,0,100,,8351,500,0,5,0,100,,8350,500,0,5,0
2101,'TM-A26-TM_GTFS-Semaine-02',1631,,8355,500,0,5,0,100,,8354,500,0,5,0,100,,8353,500,0,5,0
2701,'TM-A26-TM_GTFS-Semaine-02',556,,8460,150,,,0,98,,8463,150,,,0,100,,8464,150,,,0,100,,8465,240,,,0,769,,8461,240,,,0,103,,8462,240,,,0,100,,8466,240,,,0
