300,'TM-A26-TM_GTFS-Fête-1-02',612,,7047,200,,,0,199,,7048,320,,,0,205,,7049,320,,,0,200,,7050,320,,,0,200,,7051,320,,,0,199,,7052,320,,,0,198,,7053,320,,,0,199,,7054,320,,,0,200,,7055,320,,,0,199,,7056,320,,,0
300,'TM-A26-TM_GTFS-Fête-2-02',517,,7058,200,,,0,96,,7059,320,,,0,30,,7075,320,,,0,71,,7069,320,,,0,30,,7074,320,,,0,71,,7068,320,,,0,100,,7063,320,,,0,201,,7064,320,,,0,200,,7065,320,,,0,130,,7067,320,,,0,105,,7066,320,,,0,97,,7072,320,,,0,68,,7071,320,,,0,30,,7073,320,,,0,70,,7070,320,,,0,97,,7057,320,,,0,128,,7060,320,,,0,100,,7061,320,,,0,269,,7062,320,,,0
300,'TM-A26-TM_GTFS-Semaine-02',517,,7077,200,,,0,96,,7078,320,,,0,30,,7094,320,,,0,71,,7088,320,,,0,30,,7093,320,,,0,71,,7087,320,,,0,100,,7082,320,,,0,201,,7083,320,,,0,200,,7084,320,,,0,130,,7086,320,,,0,105,,7085,320,,,0,97,,7091,320,,,0,68,,7090,320,,,0,30,,7092,320,,,0,70,,7089,320,,,0,97,,7076,320,,,0,128,,7079,320,,,0,100,,7080,320,,,0,269,,7081,320,,,0
300,'TM-A26-TM_GTFS-Week-end-02',612,,7095,200,,,0,199,,7096,320,,,0,205,,7097,320,,,0,200,,7098,320,,,0,200,,7099,320,,,0,199,,7100,320,,,0,198,,7101,320,,,0,199,,7102,320,,,0,200,,7103,320,,,0,199,,7104,320,,,0
2001,'TM-A26-TM_GTFS-Fête-1-02',622,,8258,90,,,0,100,,8259,90,,,0,101,,8260,90,,,0,100,,8261,90,,,0,100,,8252,90,,,0,100,,8253,90,,,0,100,,8262,90,,,0,101,,8263,90,,,0,100,,8264,90,,,0,100,,8254,90,,,0,100,,8255,90,,,0,100,,8256,90,,,0,100,,8257,90,,,0,100,,8265,90,,,0,100,,8266,90,,,0,100,,8267,90,,,0,99,,8268,90,,,0,100,,8269,90,,,0,100,,8270,90,,,0
2001,'TM-A26-TM_GTFS-Fête-2-02',524,,8275,90,,,0,99,,8276,90,,,0,30,,8272,90,,,0,70,,8277,90,,,0,32,,8296,90,,,0,70,,8278,90,,,0,30,,8294,90,,,0,70,,8279,90,,,0,100,,8280,90,,,0,100,,8271,90,,,0,100,,8281,90,,,0,100,,8288,90,,,0,98,,8289,90,,,0,99,,8290,90,,,0,100,,8291,90,,,0,25,,8292,90,,,0,71,,8273,90,,,0,30,,8293,90,,,0,70,,8282,90,,,0,31,,8295,90,,,0,70,,8274,90,,,0,105,,8283,90,,,0,99,,8284,90,,,0,100,,8285,90,,,0,100,,8286,90,,,0,100,,8287,90,,,0
2001,'TM-A26-TM_GTFS-Semaine-02',524,,8301,90,,,0,99,,8302,90,,,0,30,,8298,90,,,0,70,,8303,90,,,0,32,,8322,90,,,0,70,,8304,90,,,0,30,,8320,90,,,0,70,,8305,90,,,0,100,,8306,90,,,0,100,,8297,90,,,0,100,,8307,90,,,0,100,,8314,90,,,0,98,,8315,90,,,0,99,,8316,90,,,0,100,,8317,90,,,0,25,,8318,90,,,0,71,,8299,90,,,0,30,,8319,90,,,0,70,,8308,90,,,0,31,,8321,90,,,0,70,,8300,90,,,0,105,,8309,90,,,0,99,,8310,90,,,0,100,,8311,90,,,0,100,,8312,90,,,0,100,,8313,90,,,0
2001,'TM-A26-TM_GTFS-Week-end-02',622,,8329,90,,,0,100,,8330,90,,,0,101,,8331,90,,,0,100,,8332,90,,,0,100,,8323,90,,,0,100,,8324,90,,,0,100,,8333,90,,,0,101,,8334,90,,,0,100,,8335,90,,,0,100,,8325,90,,,0,100,,8326,90,,,0,100,,8327,90,,,0,100,,8328,90,,,0,100,,8336,90,,,0,100,,8337,90,,,0,100,,8338,90,,,0,99,,8339,90,,,0,100,,8340,90,,,0,100,,8341,90,,,0
2101,'TM-A26-TM_GTFS-Fête-2-02',1623,,8352,410,0,5,0,101,,8351,410,0,5,0,100,,8350,410,0,5,0
2101,'TM-A26-TM_GTFS-Semaine-02',1623,,8355,410,0,5,0,101,,8354,410,0,5,0,100,,8353,410,0,5,0
2200,'TM-A26-TM_GTFS-Semaine-02',703,,8356,80,,,0,110,,8357,80,,,0,409,,8358,80,,,0
