1100,'TM-A26-TM_GTFS-Fête-1-02',630,,7251,570,,,0,100,,7261,570,,,0,101,,7252,570,,,0,101,,7253,570,,,0,100,,7262,570,,,0,101,,7254,570,,,0,100,,7263,570,,,0,100,,7255,570,,,0,100,,7264,570,,,0,100,,7256,570,,,0,100,,7265,570,,,0,100,,7257,570,,,0,99,,7266,570,,,0,100,,7258,570,,,0,100,,7267,570,,,0,98,,7259,570,,,0,100,,7268,570,,,0,100,,7260,570,,,0,100,,7269,570,,,0,100,,7270,570,,,0
1100,'TM-A26-TM_GTFS-Fête-2-02',600,,7271,570,,,0,30,,7293,570,,,0,70,,7282,570,,,0,30,,7278,570,,,0,70,,7272,570,,,0,30,,7294,570,,,0,70,,7283,570,,,0,31,,7286,570,,,0,102,,7290,570,,,0,100,,7287,570,,,0,100,,7291,570,,,0,100,,7288,570,,,0,101,,7292,570,,,0,100,,7299,570,,,0,70,,7279,570,,,0,31,,7281,570,,,0,68,,7284,570,,,0,30,,7273,570,,,0,70,,7280,570,,,0,30,,7295,570,,,0,70,,7285,570,,,0,29,,7274,570,,,0,69,,7289,570,,,0,30,,7296,570,,,0,100,,7275,570,,,0,100,,7297,570,,,0,100,,7276,570,,,0,100,,7298,570,,,0,100,,7277,570,,,0
1100,'TM-A26-TM_GTFS-Semaine-02',600,,7300,570,,,0,30,,7322,570,,,0,70,,7311,570,,,0,30,,7307,570,,,0,70,,7301,570,,,0,30,,7323,570,,,0,70,,7312,570,,,0,31,,7315,570,,,0,102,,7319,570,,,0,100,,7316,570,,,0,100,,7320,570,,,0,100,,7317,570,,,0,101,,7321,570,,,0,100,,7328,570,,,0,70,,7308,570,,,0,31,,7310,570,,,0,68,,7313,570,,,0,30,,7302,570,,,0,70,,7309,570,,,0,30,,7324,570,,,0,70,,7314,570,,,0,29,,7303,570,,,0,69,,7318,570,,,0,30,,7325,570,,,0,100,,7304,570,,,0,100,,7326,570,,,0,100,,7305,570,,,0,100,,7327,570,,,0,100,,7306,570,,,0
1100,'TM-A26-TM_GTFS-Week-end-02',630,,7329,570,,,0,100,,7339,570,,,0,101,,7330,570,,,0,101,,7331,570,,,0,100,,7340,570,,,0,101,,7332,570,,,0,100,,7341,570,,,0,100,,7333,570,,,0,100,,7342,570,,,0,100,,7334,570,,,0,100,,7343,570,,,0,100,,7335,570,,,0,99,,7344,570,,,0,100,,7336,570,,,0,100,,7345,570,,,0,98,,7337,570,,,0,100,,7346,570,,,0,100,,7338,570,,,0,100,,7347,570,,,0,100,,7348,570,,,0
1101,'TM-A26-TM_GTFS-Fête-1-02',605,,7359,120,,,0,100,,7349,120,,,0,100,,7360,120,,,0,101,,7350,120,,,0,100,,7351,120,,,0,100,,7361,120,,,0,100,,7352,120,,,0,100,,7362,120,,,0,100,,7353,120,,,0,100,,7363,120,,,0,100,,7354,120,,,0,100,,7364,120,,,0,100,,7355,120,,,0,100,,7365,120,,,0,100,,7356,120,,,0,99,,7366,120,,,0,100,,7357,120,,,0,100,,7367,120,,,0,100,,7358,120,,,0
1101,'TM-A26-TM_GTFS-Fête-2-02',534,,7377,10,,,0,70,,7373,120,,,0,30,,7368,120,,,0,70,,7388,120,,,0,30,,7378,120,,,0,70,,7381,120,,,0,100,,7389,120,,,0,97,,7382,120,,,0,102,,7385,120,,,0,100,,7383,120,,,0,100,,7386,120,,,0,100,,7384,120,,,0,97,,7387,120,,,0,30,,7379,120,,,0,73,,7393,120,,,0,30,,7374,120,,,0,72,,7376,120,,,0,29,,7380,120,,,0,70,,7369,120,,,0,29,,7375,120,,,0,72,,7390,120,,,0,103,,7370,120,,,0,99,,7391,120,,,0,101,,7371,120,,,0,99,,7392,120,,,0,101,,7372,120,,,0
1101,'TM-A26-TM_GTFS-Semaine-02',534,,7403,10,,,0,70,,7399,120,,,0,30,,7394,120,,,0,70,,7414,120,,,0,30,,7404,120,,,0,70,,7407,120,,,0,100,,7415,120,,,0,97,,7408,120,,,0,102,,7411,120,,,0,100,,7409,120,,,0,100,,7412,120,,,0,100,,7410,120,,,0,97,,7413,120,,,0,30,,7405,120,,,0,73,,7419,120,,,0,30,,7400,120,,,0,72,,7402,120,,,0,29,,7406,120,,,0,70,,7395,120,,,0,29,,7401,120,,,0,72,,7416,120,,,0,103,,7396,120,,,0,99,,7417,120,,,0,101,,7397,120,,,0,99,,7418,120,,,0,101,,7398,120,,,0
1101,'TM-A26-TM_GTFS-Week-end-02',605,,7430,120,,,0,100,,7420,120,,,0,100,,7431,120,,,0,101,,7421,120,,,0,100,,7422,120,,,0,100,,7432,120,,,0,100,,7423,120,,,0,100,,7433,120,,,0,100,,7424,120,,,0,100,,7434,120,,,0,100,,7425,120,,,0,100,,7435,120,,,0,100,,7426,120,,,0,100,,7436,120,,,0,100,,7427,120,,,0,99,,7437,120,,,0,100,,7428,120,,,0,100,,7438,120,,,0,100,,7429,120,,,0
4000,'TM-A26-TM_GTFS-Fête-1-02',728,,8614,290,,,0,397,,8615,290,,,0,500,,8616,290,,,0
4000,'TM-A26-TM_GTFS-Week-end-02',728,,8617,290,,,0,397,,8618,290,,,0,500,,8619,290,,,0
4001,'TM-A26-TM_GTFS-Fête-1-02',814,,8620,140,,,0,402,,8621,140,,,0,498,,8622,140,,,0
4001,'TM-A26-TM_GTFS-Week-end-02',814,,8623,140,,,0,402,,8624,140,,,0,498,,8625,140,,,0
14001,'TM-A26-TM_GTFS-Fête-2-02',655,,8671,250,,,0,146,,8666,250,,,0,57,,8670,250,,,0,470,,8668,250,,,0,208,,8663,250,,,0,101,,8667,250,,,0,78,,8665,250,,,0,27,,8669,250,,,0,70,,8672,250,,,0,40,,8660,250,,,0,70,,8664,250,,,0,96,,8661,250,,,0,292,,8662,250,,,0
14001,'TM-A26-TM_GTFS-Semaine-02',655,,8684,250,,,0,146,,8679,250,,,0,57,,8683,250,,,0,470,,8681,250,,,0,208,,8676,250,,,0,101,,8680,250,,,0,78,,8678,250,,,0,27,,8682,250,,,0,70,,8685,250,,,0,40,,8673,250,,,0,70,,8677,250,,,0,96,,8674,250,,,0,292,,8675,250,,,0
3001101,'TM-A26-TM_GTFS-Semaine-02',1652,,8891,40,,,0,100,,8892,40,,,0
2000001200,'TM-A26-TM_GTFS-Fête-2-02',1230,,8919,20,,,0,390,,8920,20,,,0,215,,8921,20,,,0
2000001200,'TM-A26-TM_GTFS-Semaine-02',1230,,8922,20,,,0,390,,8923,20,,,0,215,,8924,20,,,0
