300,'TM-A26-TM_GTFS-Fête-1-02',612,,7047,220,,,0,199,,7048,340,,,0,206,,7049,340,,,0,200,,7050,340,,,0,200,,7051,340,,,0,198,,7052,340,,,0,198,,7053,340,,,0,199,,7054,340,,,0,200,,7055,340,,,0,199,,7056,340,,,0
300,'TM-A26-TM_GTFS-Fête-2-02',518,,7058,220,,,0,96,,7059,340,,,0,30,,7075,340,,,0,71,,7069,340,,,0,30,,7074,340,,,0,71,,7068,340,,,0,100,,7063,340,,,0,201,,7064,340,,,0,200,,7065,340,,,0,130,,7067,340,,,0,105,,7066,340,,,0,97,,7072,340,,,0,68,,7071,340,,,0,30,,7073,340,,,0,70,,7070,340,,,0,97,,7057,340,,,0,128,,7060,340,,,0,100,,7061,340,,,0,269,,7062,340,,,0
300,'TM-A26-TM_GTFS-Semaine-02',518,,7077,220,,,0,96,,7078,340,,,0,30,,7094,340,,,0,71,,7088,340,,,0,30,,7093,340,,,0,71,,7087,340,,,0,100,,7082,340,,,0,201,,7083,340,,,0,200,,7084,340,,,0,130,,7086,340,,,0,105,,7085,340,,,0,97,,7091,340,,,0,68,,7090,340,,,0,30,,7092,340,,,0,70,,7089,340,,,0,97,,7076,340,,,0,128,,7079,340,,,0,100,,7080,340,,,0,269,,7081,340,,,0
300,'TM-A26-TM_GTFS-Week-end-02',612,,7095,220,,,0,199,,7096,340,,,0,206,,7097,340,,,0,200,,7098,340,,,0,200,,7099,340,,,0,198,,7100,340,,,0,198,,7101,340,,,0,199,,7102,340,,,0,200,,7103,340,,,0,199,,7104,340,,,0
2001,'TM-A26-TM_GTFS-Fête-1-02',623,,8258,110,,,0,100,,8259,110,,,0,101,,8260,110,,,0,100,,8261,110,,,0,100,,8252,110,,,0,100,,8253,110,,,0,100,,8262,110,,,0,101,,8263,110,,,0,100,,8264,110,,,0,100,,8254,110,,,0,100,,8255,110,,,0,100,,8256,110,,,0,100,,8257,110,,,0,100,,8265,110,,,0,100,,8266,110,,,0,100,,8267,110,,,0,99,,8268,110,,,0,100,,8269,110,,,0,100,,8270,110,,,0
2001,'TM-A26-TM_GTFS-Fête-2-02',525,,8275,110,,,0,99,,8276,110,,,0,30,,8272,110,,,0,70,,8277,110,,,0,32,,8296,110,,,0,70,,8278,110,,,0,30,,8294,110,,,0,70,,8279,110,,,0,100,,8280,110,,,0,100,,8271,110,,,0,100,,8281,110,,,0,100,,8288,110,,,0,98,,8289,110,,,0,99,,8290,110,,,0,100,,8291,110,,,0,25,,8292,110,,,0,71,,8273,110,,,0,30,,8293,110,,,0,70,,8282,110,,,0,31,,8295,110,,,0,70,,8274,110,,,0,105,,8283,110,,,0,99,,8284,110,,,0,100,,8285,110,,,0,100,,8286,110,,,0,100,,8287,110,,,0
2001,'TM-A26-TM_GTFS-Semaine-02',525,,8301,110,,,0,99,,8302,110,,,0,30,,8298,110,,,0,70,,8303,110,,,0,32,,8322,110,,,0,70,,8304,110,,,0,30,,8320,110,,,0,70,,8305,110,,,0,100,,8306,110,,,0,100,,8297,110,,,0,100,,8307,110,,,0,100,,8314,110,,,0,98,,8315,110,,,0,99,,8316,110,,,0,100,,8317,110,,,0,25,,8318,110,,,0,71,,8299,110,,,0,30,,8319,110,,,0,70,,8308,110,,,0,31,,8321,110,,,0,70,,8300,110,,,0,105,,8309,110,,,0,99,,8310,110,,,0,100,,8311,110,,,0,100,,8312,110,,,0,100,,8313,110,,,0
2001,'TM-A26-TM_GTFS-Week-end-02',623,,8329,110,,,0,100,,8330,110,,,0,101,,8331,110,,,0,100,,8332,110,,,0,100,,8323,110,,,0,100,,8324,110,,,0,100,,8333,110,,,0,101,,8334,110,,,0,100,,8335,110,,,0,100,,8325,110,,,0,100,,8326,110,,,0,100,,8327,110,,,0,100,,8328,110,,,0,100,,8336,110,,,0,100,,8337,110,,,0,100,,8338,110,,,0,99,,8339,110,,,0,100,,8340,110,,,0,100,,8341,110,,,0
2101,'TM-A26-TM_GTFS-Fête-2-02',1624,,8352,430,0,5,0,101,,8351,430,0,5,0,100,,8350,430,0,5,0
2101,'TM-A26-TM_GTFS-Semaine-02',1624,,8355,430,0,5,0,101,,8354,430,0,5,0,100,,8353,430,0,5,0
2200,'TM-A26-TM_GTFS-Semaine-02',704,,8356,100,,,0,110,,8357,100,,,0,409,,8358,100,,,0
