1401,'TM-A26-TM_GTFS-Fête-1-02',757,,7540,90,,,0,143,,7537,90,,,0,101,,7551,90,,,0,100,,7547,90,,,0,100,,7545,90,,,0,100,,7548,90,,,0,101,,7546,90,,,0,99,,7549,90,,,0,100,,7552,90,,,0,100,,7550,90,,,0,100,,7535,90,,,0,99,,7538,90,,,0,100,,7536,90,,,0,100,,7541,90,,,0,57,,7544,90,,,0,143,,7542,90,,,0,59,,7539,90,,,0,100,,7543,90,,,0
1401,'TM-A26-TM_GTFS-Fête-2-02',630,,7560,90,,,0,70,,7568,90,,,0,30,,7579,90,,,0,70,,7561,90,,,0,30,,7569,90,,,0,70,,7559,90,,,0,30,,7562,90,,,0,70,,7570,90,,,0,30,,7563,90,,,0,100,,7572,90,,,0,101,,7574,90,,,0,100,,7573,90,,,0,101,,7553,90,,,0,101,,7558,90,,,0,101,,7554,90,,,0,70,,7575,90,,,0,30,,7564,90,,,0,69,,7555,90,,,0,29,,7576,90,,,0,70,,7565,90,,,0,29,,7556,90,,,0,100,,7577,90,,,0,100,,7557,90,,,0,99,,7566,90,,,0,99,,7571,90,,,0,100,,7567,90,,,0,100,,7578,90,,,0
1401,'TM-A26-TM_GTFS-Semaine-02',630,,7587,90,,,0,70,,7595,90,,,0,30,,7606,90,,,0,70,,7588,90,,,0,30,,7596,90,,,0,70,,7586,90,,,0,30,,7589,90,,,0,70,,7597,90,,,0,30,,7590,90,,,0,100,,7599,90,,,0,101,,7601,90,,,0,100,,7600,90,,,0,101,,7580,90,,,0,101,,7585,90,,,0,101,,7581,90,,,0,70,,7602,90,,,0,30,,7591,90,,,0,69,,7582,90,,,0,29,,7603,90,,,0,70,,7592,90,,,0,29,,7583,90,,,0,100,,7604,90,,,0,100,,7584,90,,,0,99,,7593,90,,,0,99,,7598,90,,,0,100,,7594,90,,,0,100,,7605,90,,,0
1401,'TM-A26-TM_GTFS-Week-end-02',757,,7612,90,,,0,143,,7609,90,,,0,101,,7623,90,,,0,100,,7619,90,,,0,100,,7617,90,,,0,100,,7620,90,,,0,101,,7618,90,,,0,99,,7621,90,,,0,100,,7624,90,,,0,100,,7622,90,,,0,100,,7607,90,,,0,99,,7610,90,,,0,100,,7608,90,,,0,100,,7613,90,,,0,57,,7616,90,,,0,143,,7614,90,,,0,59,,7611,90,,,0,100,,7615,90,,,0
1700,'TM-A26-TM_GTFS-Fête-1-02',659,,7625,90,,,0,100,,7635,90,,,0,100,,7626,90,,,0,141,,7636,90,,,0,100,,7627,90,,,0,101,,7637,90,,,0,100,,7628,90,,,0,100,,7638,90,,,0,100,,7629,90,,,0,100,,7639,90,,,0,100,,7630,90,,,0,100,,7640,90,,,0,99,,7631,90,,,0,100,,7641,90,,,0,100,,7632,90,,,0,100,,7642,90,,,0,59,,7633,90,,,0,100,,7643,90,,,0,100,,7634,90,,,0
1700,'TM-A26-TM_GTFS-Fête-2-02',559,,7648,90,,,0,141,,7656,90,,,0,100,,7649,90,,,0,100,,7657,90,,,0,101,,7650,90,,,0,100,,7644,90,,,0,100,,7651,90,,,0,100,,7658,90,,,0,101,,7652,90,,,0,101,,7659,90,,,0,101,,7653,90,,,0,100,,7645,90,,,0,98,,7654,90,,,0,99,,7646,90,,,0,99,,7655,90,,,0,100,,7647,90,,,0,100,,7661,90,,,0,59,,7663,90,,,0,100,,7662,90,,,0,99,,7660,90,,,0
1700,'TM-A26-TM_GTFS-Semaine-02',559,,7668,90,,,0,141,,7676,90,,,0,100,,7669,90,,,0,100,,7677,90,,,0,101,,7670,90,,,0,100,,7664,90,,,0,100,,7671,90,,,0,100,,7678,90,,,0,101,,7672,90,,,0,101,,7679,90,,,0,101,,7673,90,,,0,100,,7665,90,,,0,98,,7674,90,,,0,99,,7666,90,,,0,99,,7675,90,,,0,100,,7667,90,,,0,100,,7681,90,,,0,59,,7683,90,,,0,100,,7682,90,,,0,99,,7680,90,,,0
1700,'TM-A26-TM_GTFS-Week-end-02',659,,7684,90,,,0,100,,7694,90,,,0,100,,7685,90,,,0,141,,7695,90,,,0,100,,7686,90,,,0,101,,7696,90,,,0,100,,7687,90,,,0,100,,7697,90,,,0,100,,7688,90,,,0,100,,7698,90,,,0,100,,7689,90,,,0,100,,7699,90,,,0,99,,7690,90,,,0,100,,7700,90,,,0,100,,7691,90,,,0,100,,7701,90,,,0,59,,7692,90,,,0,100,,7702,90,,,0,100,,7693,90,,,0
1801,'TM-A26-TM_GTFS-Fête-2-02',605,,7827,180,0,6 7,0,100,,7828,180,0,6 7,0,53,,7836,180,0,6 7,0,147,,7829,180,0,6 7,0,200,,7830,180,0,6 7,0,200,,7831,180,0,6 7,0,200,,7832,180,0,6 7,0,102,,7826,180,0,6 7,0,100,,7834,180,0,6 7,0,99,,7833,180,0,6 7,0,198,,7825,180,0,6 7,0,200,,7835,180,0,6 7,0
1801,'TM-A26-TM_GTFS-Semaine-02',605,,7840,180,0,6 7,0,100,,7841,180,0,6 7,0,53,,7849,180,0,6 7,0,147,,7842,180,0,6 7,0,200,,7843,180,0,6 7,0,200,,7844,180,0,6 7,0,200,,7845,180,0,6 7,0,102,,7839,180,0,6 7,0,100,,7847,180,0,6 7,0,99,,7846,180,0,6 7,0,198,,7838,180,0,6 7,0,200,,7848,180,0,6 7,0
2200,'TM-A26-TM_GTFS-Semaine-02',719,,8356,260,,,0,109,,8357,260,,,0,409,,8358,260,,,0
