200,'TM-A26-TM_GTFS-Fête-1-02',716,,6985,370,,,0,204,,6986,370,,,0,200,,6987,370,,,0,200,,6988,370,,,0,200,,6989,370,,,0,196,,6990,370,,,0,200,,6991,370,,,0,200,,6992,370,,,0,200,,6993,370,,,0,198,,6994,370,0,12,0
200,'TM-A26-TM_GTFS-Fête-2-02',547,,6996,180,,,0,67,,7013,350,,,0,32,,7007,350,,,0,70,,7014,350,,,0,33,,7008,350,,,0,70,,7015,350,,,0,30,,7009,350,,,0,170,,7003,350,,,0,200,,7004,350,,,0,200,,7005,350,0,8 7,0,101,,7002,350,,,0,103,,7011,350,,,0,30,,7010,350,,,0,70,,7012,350,,,0,30,,7006,350,,,0,97,,6995,350,,,0,170,,7001,350,,,0,95,,6998,350,,,0,100,,6997,350,,,0,100,,6999,350,,,0,197,,7000,350,0,12,0
200,'TM-A26-TM_GTFS-Semaine-02',547,,7017,180,,,0,67,,7034,350,,,0,32,,7028,350,,,0,70,,7035,350,,,0,33,,7029,350,,,0,70,,7036,350,,,0,30,,7030,350,,,0,170,,7024,350,,,0,200,,7025,350,,,0,200,,7026,350,0,8 7,0,101,,7023,350,,,0,103,,7032,350,,,0,30,,7031,350,,,0,70,,7033,350,,,0,30,,7027,350,,,0,97,,7016,350,,,0,170,,7022,350,,,0,95,,7019,350,,,0,100,,7018,350,,,0,100,,7020,350,,,0,197,,7021,350,0,12,0
200,'TM-A26-TM_GTFS-Week-end-02',716,,7037,370,,,0,204,,7038,370,,,0,200,,7039,370,,,0,200,,7040,370,,,0,200,,7041,370,,,0,196,,7042,370,,,0,200,,7043,370,,,0,200,,7044,370,,,0,200,,7045,370,,,0,198,,7046,370,0,12,0
2000,'TM-A26-TM_GTFS-Fête-1-02',706,,8171,230,,,0,100,,8172,230,,,0,101,,8173,230,,,0,102,,8162,230,,,0,100,,8163,230,,,0,100,,8164,230,,,0,101,,8165,230,,,0,100,,8166,230,,,0,100,,8167,230,,,0,100,,8168,230,,,0,99,,8169,230,,,0,100,,8170,230,,,0,98,,8174,230,,,0,100,,8175,230,,,0,100,,8176,230,,,0,100,,8177,230,,,0,99,,8178,230,,,0,100,,8179,230,,,0,99,,8180,230,,,0
2000,'TM-A26-TM_GTFS-Fête-2-02',606,,8187,230,,,0,30,,8182,230,,,0,70,,8188,230,,,0,31,,8206,230,,,0,70,,8189,230,,,0,30,,8204,230,,,0,71,,8190,230,,,0,100,,8191,230,,,0,100,,8192,230,,,0,100,,8193,230,,,0,102,,8197,230,,,0,100,,8181,230,,,0,100,,8196,230,,,0,100,,8183,230,,,0,30,,8185,230,,,0,70,,8184,230,,,0,29,,8203,230,,,0,70,,8194,230,,,0,29,,8205,230,,,0,70,,8186,230,,,0,99,,8195,230,,,0,100,,8198,230,,,0,100,,8199,230,,,0,98,,8200,230,,,0,100,,8201,230,,,0,100,,8202,230,,,0
2000,'TM-A26-TM_GTFS-Semaine-02',606,,8213,230,,,0,30,,8208,230,,,0,70,,8214,230,,,0,31,,8232,230,,,0,70,,8215,230,,,0,30,,8230,230,,,0,71,,8216,230,,,0,100,,8217,230,,,0,100,,8218,230,,,0,100,,8219,230,,,0,102,,8223,230,,,0,100,,8207,230,,,0,100,,8222,230,,,0,100,,8209,230,,,0,30,,8211,230,,,0,70,,8210,230,,,0,29,,8229,230,,,0,70,,8220,230,,,0,29,,8231,230,,,0,70,,8212,230,,,0,99,,8221,230,,,0,100,,8224,230,,,0,100,,8225,230,,,0,98,,8226,230,,,0,100,,8227,230,,,0,100,,8228,230,,,0
2000,'TM-A26-TM_GTFS-Week-end-02',706,,8242,230,,,0,100,,8243,230,,,0,101,,8244,230,,,0,102,,8233,230,,,0,100,,8234,230,,,0,100,,8235,230,,,0,101,,8236,230,,,0,100,,8237,230,,,0,100,,8238,230,,,0,100,,8239,230,,,0,99,,8240,230,,,0,100,,8241,230,,,0,98,,8245,230,,,0,100,,8246,230,,,0,100,,8247,230,,,0,100,,8248,230,,,0,99,,8249,230,,,0,100,,8250,230,,,0,99,,8251,230,,,0
2100,'TM-A26-TM_GTFS-Fête-2-02',705,,8342,200,0,5,0,100,,8344,200,0,5,0,100,,8345,200,0,5,0
2100,'TM-A26-TM_GTFS-Semaine-02',705,,8346,200,0,5,0,100,,8348,200,0,5,0,100,,8349,200,0,5,0
2201,'TM-A26-TM_GTFS-Semaine-02',1205,,8359,270,,,0,109,,8360,270,,,0,193,,8364,270,,,0,117,,8361,270,,,0,113,,8362,270,,,0,97,,8363,270,,,0
