200,'TM-A26-TM_GTFS-Fête-1-02',654,,6985,20,,,0,200,,6986,20,,,0,200,,6987,20,,,0,200,,6988,20,,,0,200,,6989,20,,,0,200,,6990,20,,,0,200,,6991,20,,,0,200,,6992,20,,,0,200,,6993,20,,,0,200,,6994,20,0,12,0
200,'TM-A26-TM_GTFS-Fête-2-02',554,,7013,20,,,0,70,,7007,20,,,0,30,,7014,20,,,0,70,,7008,20,,,0,30,,7015,20,,,0,70,,7009,20,,,0,130,,7003,20,,,0,200,,7004,20,,,0,200,,7005,20,0,8 7,0,100,,7002,20,,,0,100,,7011,20,,,0,70,,7010,20,,,0,30,,7012,20,,,0,70,,7006,20,,,0,100,,6995,20,,,0,130,,7001,20,,,0,100,,6998,20,,,0,100,,6997,20,,,0,100,,6999,20,,,0,200,,7000,20,0,12,0
200,'TM-A26-TM_GTFS-Semaine-02',554,,7034,20,,,0,70,,7028,20,,,0,30,,7035,20,,,0,70,,7029,20,,,0,30,,7036,20,,,0,70,,7030,20,,,0,130,,7024,20,,,0,200,,7025,20,,,0,200,,7026,20,0,8 7,0,100,,7023,20,,,0,100,,7032,20,,,0,70,,7031,20,,,0,30,,7033,20,,,0,70,,7027,20,,,0,100,,7016,20,,,0,130,,7022,20,,,0,100,,7019,20,,,0,100,,7018,20,,,0,100,,7020,20,,,0,200,,7021,20,0,12,0
200,'TM-A26-TM_GTFS-Week-end-02',654,,7037,20,,,0,200,,7038,20,,,0,200,,7039,20,,,0,200,,7040,20,,,0,200,,7041,20,,,0,200,,7042,20,,,0,200,,7043,20,,,0,200,,7044,20,,,0,200,,7045,20,,,0,200,,7046,20,0,12,0
400,'TM-A26-TM_GTFS-Fête-2-02',1636,,7109,20,,,0,93,,7105,20,,,0,100,,7106,20,,,0,295,,7107,20,,,0,235,,7108,20,,,0
400,'TM-A26-TM_GTFS-Semaine-02',1636,,7114,20,,,0,93,,7110,20,,,0,100,,7111,20,,,0,295,,7112,20,,,0,235,,7113,20,,,0
401,'TM-A26-TM_GTFS-Fête-2-02',544,,7116,100,,,0,100,,7118,100,,,0,100,,7117,100,,,0,101,,7115,100,,,0,1074,,7119,100,,,0
401,'TM-A26-TM_GTFS-Semaine-02',544,,7121,100,,,0,100,,7123,100,,,0,100,,7122,100,,,0,101,,7120,100,,,0,1074,,7124,100,,,0
800,'TM-A26-TM_GTFS-Fête-1-02',624,,7131,250,,,0,99,,7132,550,,,0,100,,7133,550,,,0,100,,7134,550,,,0,101,,7135,550,,,0,100,,7136,550,,,0,100,,7137,550,,,0,100,,7138,550,,,0,100,,7139,550,,,0,100,,7140,550,,,0,100,,7141,550,,,0,100,,7142,550,,,0,99,,7143,550,,,0,100,,7144,550,,,0,100,,7145,550,,,0,100,,7146,550,,,0,100,,7147,550,,,0,100,,7148,550,,,0,100,,7149,550,,,0
800,'TM-A26-TM_GTFS-Fête-2-02',624,,7162,550,,,0,102,,7157,550,,,0,100,,7153,550,,,0,99,,7154,550,,,0,100,,7160,550,,,0,100,,7161,550,,,0,100,,7151,550,,,0,100,,7152,550,,,0,100,,7158,550,,,0,102,,7163,550,,,0,100,,7159,550,,,0,100,,7155,550,,,0,97,,7156,550,,,0,100,,7164,550,,,0,100,,7165,550,,,0,100,,7166,550,,,0,100,,7167,550,,,0,100,,7168,550,,,0,99,,7169,550,,,0
800,'TM-A26-TM_GTFS-Semaine-02',624,,7182,550,,,0,102,,7177,550,,,0,100,,7173,550,,,0,99,,7174,550,,,0,100,,7180,550,,,0,100,,7181,550,,,0,100,,7171,550,,,0,100,,7172,550,,,0,100,,7178,550,,,0,102,,7183,550,,,0,100,,7179,550,,,0,100,,7175,550,,,0,97,,7176,550,,,0,100,,7184,550,,,0,100,,7185,550,,,0,100,,7186,550,,,0,100,,7187,550,,,0,100,,7188,550,,,0,99,,7189,550,,,0
800,'TM-A26-TM_GTFS-Week-end-02',624,,7191,250,,,0,99,,7192,550,,,0,100,,7193,550,,,0,100,,7194,550,,,0,101,,7195,550,,,0,100,,7196,550,,,0,100,,7197,550,,,0,100,,7198,550,,,0,100,,7199,550,,,0,100,,7200,550,,,0,100,,7201,550,,,0,100,,7202,550,,,0,99,,7203,550,,,0,100,,7204,550,,,0,100,,7205,550,,,0,100,,7206,550,,,0,100,,7207,550,,,0,100,,7208,550,,,0,100,,7209,550,,,0
1100,'TM-A26-TM_GTFS-Fête-1-02',553,,7251,20,,,0,100,,7261,20,,,0,100,,7252,20,,,0,100,,7253,20,,,0,100,,7262,20,,,0,101,,7254,20,,,0,100,,7263,20,,,0,100,,7255,20,,,0,100,,7264,20,,,0,100,,7256,20,,,0,100,,7265,20,,,0,100,,7257,20,,,0,100,,7266,20,,,0,100,,7258,20,,,0,100,,7267,20,,,0,100,,7259,20,,,0,100,,7268,20,,,0,100,,7260,20,,,0,100,,7269,20,,,0,100,,7270,20,,,0
1100,'TM-A26-TM_GTFS-Fête-2-02',523,,7271,20,,,0,30,,7293,20,,,0,70,,7282,20,,,0,30,,7278,20,,,0,70,,7272,20,,,0,30,,7294,20,,,0,70,,7283,20,,,0,30,,7286,20,,,0,100,,7290,20,,,0,100,,7287,20,,,0,100,,7291,20,,,0,100,,7288,20,,,0,101,,7292,20,,,0,100,,7299,20,,,0,70,,7279,20,,,0,30,,7281,20,,,0,70,,7284,20,,,0,30,,7273,20,,,0,70,,7280,20,,,0,30,,7295,20,,,0,70,,7285,20,,,0,30,,7274,20,,,0,69,,7289,20,,,0,30,,7296,20,,,0,100,,7275,20,,,0,100,,7297,20,,,0,100,,7276,20,,,0,100,,7298,20,,,0,100,,7277,20,,,0
1100,'TM-A26-TM_GTFS-Semaine-02',523,,7300,20,,,0,30,,7322,20,,,0,70,,7311,20,,,0,30,,7307,20,,,0,70,,7301,20,,,0,30,,7323,20,,,0,70,,7312,20,,,0,30,,7315,20,,,0,100,,7319,20,,,0,100,,7316,20,,,0,100,,7320,20,,,0,100,,7317,20,,,0,101,,7321,20,,,0,100,,7328,20,,,0,70,,7308,20,,,0,30,,7310,20,,,0,70,,7313,20,,,0,30,,7302,20,,,0,70,,7309,20,,,0,30,,7324,20,,,0,70,,7314,20,,,0,30,,7303,20,,,0,69,,7318,20,,,0,30,,7325,20,,,0,100,,7304,20,,,0,100,,7326,20,,,0,100,,7305,20,,,0,100,,7327,20,,,0,100,,7306,20,,,0
1100,'TM-A26-TM_GTFS-Week-end-02',553,,7329,20,,,0,100,,7339,20,,,0,100,,7330,20,,,0,100,,7331,20,,,0,100,,7340,20,,,0,101,,7332,20,,,0,100,,7341,20,,,0,100,,7333,20,,,0,100,,7342,20,,,0,100,,7334,20,,,0,100,,7343,20,,,0,100,,7335,20,,,0,100,,7344,20,,,0,100,,7336,20,,,0,100,,7345,20,,,0,100,,7337,20,,,0,100,,7346,20,,,0,100,,7338,20,,,0,100,,7347,20,,,0,100,,7348,20,,,0
2000,'TM-A26-TM_GTFS-Fête-1-02',654,,8171,20,,,0,100,,8172,20,,,0,100,,8173,20,,,0,100,,8162,20,,,0,100,,8163,20,,,0,100,,8164,20,,,0,100,,8165,20,,,0,100,,8166,20,,,0,100,,8167,20,,,0,100,,8168,20,,,0,100,,8169,20,,,0,100,,8170,20,,,0,100,,8174,20,,,0,100,,8175,20,,,0,100,,8176,20,,,0,100,,8177,20,,,0,100,,8178,20,,,0,100,,8179,20,,,0,100,,8180,20,,,0
2000,'TM-A26-TM_GTFS-Fête-2-02',554,,8187,20,,,0,70,,8182,20,,,0,30,,8188,20,,,0,70,,8206,20,,,0,30,,8189,20,,,0,70,,8204,20,,,0,30,,8190,20,,,0,100,,8191,20,,,0,100,,8192,20,,,0,100,,8193,20,,,0,100,,8197,20,,,0,100,,8181,20,,,0,100,,8196,20,,,0,100,,8183,20,,,0,70,,8185,20,,,0,30,,8184,20,,,0,70,,8203,20,,,0,30,,8194,20,,,0,70,,8205,20,,,0,30,,8186,20,,,0,100,,8195,20,,,0,100,,8198,20,,,0,100,,8199,20,,,0,100,,8200,20,,,0,100,,8201,20,,,0,100,,8202,20,,,0
2000,'TM-A26-TM_GTFS-Semaine-02',554,,8213,20,,,0,70,,8208,20,,,0,30,,8214,20,,,0,70,,8232,20,,,0,30,,8215,20,,,0,70,,8230,20,,,0,30,,8216,20,,,0,100,,8217,20,,,0,100,,8218,20,,,0,100,,8219,20,,,0,100,,8223,20,,,0,100,,8207,20,,,0,100,,8222,20,,,0,100,,8209,20,,,0,70,,8211,20,,,0,30,,8210,20,,,0,70,,8229,20,,,0,30,,8220,20,,,0,70,,8231,20,,,0,30,,8212,20,,,0,100,,8221,20,,,0,100,,8224,20,,,0,100,,8225,20,,,0,100,,8226,20,,,0,100,,8227,20,,,0,100,,8228,20,,,0
2000,'TM-A26-TM_GTFS-Week-end-02',654,,8242,20,,,0,100,,8243,20,,,0,100,,8244,20,,,0,100,,8233,20,,,0,100,,8234,20,,,0,100,,8235,20,,,0,100,,8236,20,,,0,100,,8237,20,,,0,100,,8238,20,,,0,100,,8239,20,,,0,100,,8240,20,,,0,100,,8241,20,,,0,100,,8245,20,,,0,100,,8246,20,,,0,100,,8247,20,,,0,100,,8248,20,,,0,100,,8249,20,,,0,100,,8250,20,,,0,100,,8251,20,,,0
2100,'TM-A26-TM_GTFS-Fête-2-02',653,,8342,20,0,5,0,100,,8344,20,0,5,0,100,,8345,20,0,5,0
2100,'TM-A26-TM_GTFS-Semaine-02',653,,8346,20,0,5,0,100,,8348,20,0,5,0,100,,8349,20,0,5,0
2101,'TM-A26-TM_GTFS-Fête-2-02',1554,,8352,20,0,5,0,100,,8351,20,0,5,0,100,,8350,20,0,5,0
2101,'TM-A26-TM_GTFS-Semaine-02',1554,,8355,20,0,5,0,100,,8354,20,0,5,0,100,,8353,20,0,5,0
2700,'TM-A26-TM_GTFS-Semaine-02',718,,8458,20,,,0,100,,8453,20,,,0,706,,8456,20,,,0,100,,8457,20,,,0,100,,8455,20,,,0,100,,8454,20,,,0,100,,8459,20,,,0
