1401,'TM-A26-TM_GTFS-Fête-1-02',806,,7540,290,,,0,103,,7537,290,,,0,101,,7551,290,,,0,101,,7547,290,,,0,101,,7545,290,,,0,100,,7548,290,,,0,101,,7546,290,,,0,100,,7549,290,,,0,100,,7552,290,,,0,99,,7550,290,,,0,100,,7535,290,,,0,99,,7538,290,,,0,99,,7536,290,,,0,100,,7541,290,,,0,97,,7544,290,,,0,102,,7542,290,,,0,99,,7539,290,,,0,100,,7543,290,,,0
1401,'TM-A26-TM_GTFS-Fête-2-02',639,,7560,290,,,0,71,,7568,290,,,0,30,,7579,290,,,0,70,,7561,290,,,0,30,,7569,290,,,0,70,,7559,290,,,0,30,,7562,290,,,0,70,,7570,290,,,0,30,,7563,290,,,0,101,,7572,290,,,0,101,,7574,290,,,0,100,,7573,290,,,0,102,,7553,290,,,0,103,,7558,290,,,0,103,,7554,290,,,0,70,,7575,290,,,0,28,,7564,290,,,0,66,,7555,290,,,0,28,,7576,290,,,0,70,,7565,290,,,0,29,,7556,290,,,0,100,,7577,290,,,0,100,,7557,290,,,0,99,,7566,290,,,0,99,,7571,290,,,0,99,,7567,290,,,0,100,,7578,290,,,0
1401,'TM-A26-TM_GTFS-Semaine-02',639,,7587,290,,,0,71,,7595,290,,,0,30,,7606,290,,,0,70,,7588,290,,,0,30,,7596,290,,,0,70,,7586,290,,,0,30,,7589,290,,,0,70,,7597,290,,,0,30,,7590,290,,,0,101,,7599,290,,,0,101,,7601,290,,,0,100,,7600,290,,,0,102,,7580,290,,,0,103,,7585,290,,,0,103,,7581,290,,,0,70,,7602,290,,,0,28,,7591,290,,,0,66,,7582,290,,,0,28,,7603,290,,,0,70,,7592,290,,,0,29,,7583,290,,,0,100,,7604,290,,,0,100,,7584,290,,,0,99,,7593,290,,,0,99,,7598,290,,,0,99,,7594,290,,,0,100,,7605,290,,,0
1401,'TM-A26-TM_GTFS-Week-end-02',806,,7612,290,,,0,103,,7609,290,,,0,101,,7623,290,,,0,101,,7619,290,,,0,101,,7617,290,,,0,100,,7620,290,,,0,101,,7618,290,,,0,100,,7621,290,,,0,100,,7624,290,,,0,99,,7622,290,,,0,100,,7607,290,,,0,99,,7610,290,,,0,99,,7608,290,,,0,100,,7613,290,,,0,97,,7616,290,,,0,102,,7614,290,,,0,99,,7611,290,,,0,100,,7615,290,,,0
41700,'TM-A26-TM_GTFS-Fête-2-02',545,,8687,140,,,0,73,,8689,140,,,0,40,,8686,140,,,0,99,,8688,140,,,0
41700,'TM-A26-TM_GTFS-Semaine-02',545,,8691,140,,,0,73,,8693,140,,,0,40,,8690,140,,,0,99,,8692,140,,,0
2000001500,'TM-A26-TM_GTFS-Fête-2-02',1239,,8949,180,,,0,400,,8950,180,,,0,100,,8951,180,,,0,100,,8952,180,,,0
2000001500,'TM-A26-TM_GTFS-Semaine-02',1239,,8953,180,,,0,400,,8954,180,,,0,100,,8955,180,,,0,100,,8956,180,,,0
2000041700,'TM-A26-TM_GTFS-Fête-2-02',1302,,9059,140,,,0
2000041700,'TM-A26-TM_GTFS-Semaine-02',1302,,9060,140,,,0
