200,'TM-A26-TM_GTFS-Fête-1-02',732,,6985,660,,,0,206,,6986,660,,,0,200,,6987,660,,,0,200,,6988,660,,,0,200,,6989,660,,,0,196,,6990,660,,,0,198,,6991,660,,,0,200,,6992,660,,,0,200,,6993,660,,,0
200,'TM-A26-TM_GTFS-Fête-2-02',605,,6996,470,,,0,27,,7013,640,,,0,72,,7007,640,,,0,30,,7014,640,,,0,74,,7008,640,,,0,30,,7015,640,,,0,70,,7009,640,,,0,130,,7003,640,,,0,200,,7004,640,,,0,200,,7005,640,0,8 7,0,100,,7002,640,,,0,105,,7011,640,,,0,70,,7010,640,,,0,30,,7012,640,,,0,70,,7006,640,,,0,95,,6995,640,,,0,130,,7001,640,,,0,93,,6998,640,,,0,99,,6997,640,,,0,100,,6999,640,,,0
200,'TM-A26-TM_GTFS-Semaine-02',605,,7017,470,,,0,27,,7034,640,,,0,72,,7028,640,,,0,30,,7035,640,,,0,74,,7029,640,,,0,30,,7036,640,,,0,70,,7030,640,,,0,130,,7024,640,,,0,200,,7025,640,,,0,200,,7026,640,0,8 7,0,100,,7023,640,,,0,105,,7032,640,,,0,70,,7031,640,,,0,30,,7033,640,,,0,70,,7027,640,,,0,95,,7016,640,,,0,130,,7022,640,,,0,93,,7019,640,,,0,99,,7018,640,,,0,100,,7020,640,,,0
200,'TM-A26-TM_GTFS-Week-end-02',732,,7037,660,,,0,206,,7038,660,,,0,200,,7039,660,,,0,200,,7040,660,,,0,200,,7041,660,,,0,196,,7042,660,,,0,198,,7043,660,,,0,200,,7044,660,,,0,200,,7045,660,,,0
1400,'TM-A26-TM_GTFS-Fête-1-02',642,,7439,390,,,0,100,,7444,390,,,0,100,,7442,390,,,0,99,,7456,390,,,0,100,,7451,390,,,0,100,,7449,390,,,0,99,,7452,390,,,0,100,,7450,390,,,0,100,,7453,390,,,0,101,,7457,390,,,0,100,,7454,390,,,0,100,,7458,390,,,0,100,,7455,390,,,0,100,,7441,390,,,0,100,,7445,390,,,0,100,,7448,390,,,0,100,,7446,390,,,0,100,,7443,390,,,0,100,,7447,390,,,0,100,,7440,390,,,0
1400,'TM-A26-TM_GTFS-Fête-2-02',533,,7474,390,,,0,72,,7467,390,,,0,31,,7475,390,,,0,72,,7480,390,,,0,27,,7468,390,,,0,70,,7476,390,,,0,30,,7466,390,,,0,70,,7469,390,,,0,30,,7477,390,,,0,72,,7470,390,,,0,100,,7481,390,,,0,100,,7483,390,,,0,100,,7482,390,,,0,100,,7459,390,,,0,100,,7464,390,,,0,100,,7460,390,,,0,30,,7478,390,,,0,70,,7465,390,,,0,30,,7461,390,,,0,70,,7484,390,,,0,31,,7471,390,,,0,70,,7462,390,,,0,102,,7485,390,,,0,101,,7463,390,,,0,100,,7472,390,,,0,100,,7479,390,,,0,101,,7473,390,,,0,99,,7486,390,,,0
1400,'TM-A26-TM_GTFS-Semaine-02',533,,7502,390,,,0,72,,7495,390,,,0,31,,7503,390,,,0,72,,7508,390,,,0,27,,7496,390,,,0,70,,7504,390,,,0,30,,7494,390,,,0,70,,7497,390,,,0,30,,7505,390,,,0,72,,7498,390,,,0,100,,7509,390,,,0,100,,7511,390,,,0,100,,7510,390,,,0,100,,7487,390,,,0,100,,7492,390,,,0,100,,7488,390,,,0,30,,7506,390,,,0,70,,7493,390,,,0,30,,7489,390,,,0,70,,7512,390,,,0,31,,7499,390,,,0,70,,7490,390,,,0,102,,7513,390,,,0,101,,7491,390,,,0,100,,7500,390,,,0,100,,7507,390,,,0,101,,7501,390,,,0,99,,7514,390,,,0
1400,'TM-A26-TM_GTFS-Week-end-02',642,,7515,390,,,0,100,,7520,390,,,0,100,,7518,390,,,0,99,,7532,390,,,0,100,,7527,390,,,0,100,,7525,390,,,0,99,,7528,390,,,0,100,,7526,390,,,0,100,,7529,390,,,0,101,,7533,390,,,0,100,,7530,390,,,0,100,,7534,390,,,0,100,,7531,390,,,0,100,,7517,390,,,0,100,,7521,390,,,0,100,,7524,390,,,0,100,,7522,390,,,0,100,,7519,390,,,0,100,,7523,390,,,0,100,,7516,390,,,0
1701,'TM-A26-TM_GTFS-Fête-1-02',633,,7721,600,,,0,101,,7712,600,,,0,100,,7703,600,,,0,100,,7713,600,,,0,100,,7704,600,,,0,100,,7714,600,,,0,100,,7705,600,,,0,100,,7715,600,,,0,100,,7706,600,,,0,100,,7716,600,,,0,100,,7707,600,,,0,99,,7717,600,,,0,100,,7708,600,,,0,100,,7718,600,,,0,99,,7709,600,,,0,100,,7719,600,,,0,100,,7710,600,,,0,100,,7720,600,,,0,100,,7711,600,,,0
1701,'TM-A26-TM_GTFS-Fête-2-02',533,,7725,600,,,0,103,,7734,600,,,0,94,,7726,600,,,0,104,,7735,600,,,0,100,,7727,600,,,0,99,,7736,600,,,0,100,,7728,600,,,0,100,,7737,600,,,0,100,,7729,600,,,0,100,,7738,600,,,0,101,,7730,600,,,0,100,,7739,600,,,0,104,,7731,600,,,0,96,,7722,600,,,0,95,,7732,600,,,0,100,,7723,600,,,0,100,,7733,600,,,0,100,,7724,600,,,0,100,,7740,600,,,0,100,,7741,600,,,0
1701,'TM-A26-TM_GTFS-Semaine-02',533,,7745,600,,,0,103,,7754,600,,,0,94,,7746,600,,,0,104,,7755,600,,,0,100,,7747,600,,,0,99,,7756,600,,,0,100,,7748,600,,,0,100,,7757,600,,,0,100,,7749,600,,,0,100,,7758,600,,,0,101,,7750,600,,,0,100,,7759,600,,,0,104,,7751,600,,,0,96,,7742,600,,,0,95,,7752,600,,,0,100,,7743,600,,,0,100,,7753,600,,,0,100,,7744,600,,,0,100,,7760,600,,,0,100,,7761,600,,,0
1701,'TM-A26-TM_GTFS-Week-end-02',633,,7780,600,,,0,101,,7771,600,,,0,100,,7762,600,,,0,100,,7772,600,,,0,100,,7763,600,,,0,100,,7773,600,,,0,100,,7764,600,,,0,100,,7774,600,,,0,100,,7765,600,,,0,100,,7775,600,,,0,100,,7766,600,,,0,99,,7776,600,,,0,100,,7767,600,,,0,100,,7777,600,,,0,99,,7768,600,,,0,100,,7778,600,,,0,100,,7769,600,,,0,100,,7779,600,,,0,100,,7770,600,,,0
2301,'TM-A26-TM_GTFS-Fête-2-02',803,,8377,170,,,0,102,,8380,170,,,0,800,,8378,170,,,0,134,,8379,170,,,0
2301,'TM-A26-TM_GTFS-Semaine-02',803,,8381,170,,,0,102,,8384,170,,,0,396,,8386,170,,,0,200,,8385,170,,,0,204,,8382,170,,,0,134,,8383,170,,,0
