300,'TM-A26-TM_GTFS-Fête-1-01',626,,4867,440,,,0,201,,4868,560,,,0,207,,4869,560,,,0,200,,4870,560,,,0,200,,4871,560,,,0,197,,4872,560,,,0,197,,4873,560,,,0,199,,4874,560,,,0,200,,4875,560,,,0,198,,4876,560,,,0
300,'TM-A26-TM_GTFS-Fête-2-01',533,,4878,430,,,0,97,,4879,550,,,0,70,,4895,550,,,0,31,,4889,550,,,0,70,,4894,550,,,0,32,,4888,550,,,0,100,,4883,550,,,0,200,,4884,550,,,0,200,,4885,550,,,0,171,,4887,550,,,0,105,,4886,550,,,0,99,,4892,550,,,0,28,,4891,550,,,0,67,,4893,550,,,0,30,,4890,550,,,0,95,,4877,550,,,0,128,,4880,550,,,0,100,,4881,550,,,0,267,,4882,550,,,0
300,'TM-A26-TM_GTFS-Semaine-01',533,,4897,430,,,0,97,,4898,550,,,0,70,,4914,550,,,0,31,,4908,550,,,0,70,,4913,550,,,0,32,,4907,550,,,0,100,,4902,550,,,0,200,,4903,550,,,0,200,,4904,550,,,0,171,,4906,550,,,0,105,,4905,550,,,0,99,,4911,550,,,0,28,,4910,550,,,0,67,,4912,550,,,0,30,,4909,550,,,0,95,,4896,550,,,0,128,,4899,550,,,0,100,,4900,550,,,0,267,,4901,550,,,0
300,'TM-A26-TM_GTFS-Week-end-01',626,,4915,440,,,0,201,,4916,560,,,0,207,,4917,560,,,0,200,,4918,560,,,0,200,,4919,560,,,0,197,,4920,560,,,0,197,,4921,560,,,0,199,,4922,560,,,0,200,,4923,560,,,0,198,,4924,560,,,0
2001,'TM-A26-TM_GTFS-Fête-1-01',630,,6078,200,,,0,101,,6079,200,,,0,101,,6080,200,,,0,100,,6081,200,,,0,101,,6072,200,,,0,101,,6073,200,,,0,100,,6082,200,,,0,101,,6083,200,,,0,100,,6084,200,,,0,99,,6074,200,,,0,100,,6075,200,,,0,99,,6076,200,,,0,99,,6077,200,,,0,100,,6085,200,,,0,100,,6086,200,,,0,100,,6087,200,,,0,99,,6088,200,,,0,100,,6089,200,,,0,100,,6090,200,,,0
2001,'TM-A26-TM_GTFS-Fête-2-01',532,,6095,200,,,0,100,,6096,200,,,0,70,,6092,200,,,0,30,,6097,200,,,0,72,,6116,200,,,0,30,,6098,200,,,0,70,,6114,200,,,0,30,,6099,200,,,0,100,,6100,200,,,0,101,,6091,200,,,0,100,,6101,200,,,0,100,,6108,200,,,0,98,,6109,200,,,0,99,,6110,200,,,0,100,,6111,200,,,0,25,,6112,200,,,0,70,,6093,200,,,0,30,,6113,200,,,0,70,,6102,200,,,0,31,,6115,200,,,0,70,,6094,200,,,0,105,,6103,200,,,0,99,,6104,200,,,0,98,,6105,200,,,0,100,,6106,200,,,0,100,,6107,200,,,0
2001,'TM-A26-TM_GTFS-Semaine-01',532,,6121,200,,,0,100,,6122,200,,,0,70,,6118,200,,,0,30,,6123,200,,,0,72,,6142,200,,,0,30,,6124,200,,,0,70,,6140,200,,,0,30,,6125,200,,,0,100,,6126,200,,,0,101,,6117,200,,,0,100,,6127,200,,,0,100,,6134,200,,,0,98,,6135,200,,,0,99,,6136,200,,,0,100,,6137,200,,,0,25,,6138,200,,,0,70,,6119,200,,,0,30,,6139,200,,,0,70,,6128,200,,,0,31,,6141,200,,,0,70,,6120,200,,,0,105,,6129,200,,,0,99,,6130,200,,,0,98,,6131,200,,,0,100,,6132,200,,,0,100,,6133,200,,,0
2001,'TM-A26-TM_GTFS-Week-end-01',630,,6149,200,,,0,101,,6150,200,,,0,101,,6151,200,,,0,100,,6152,200,,,0,101,,6143,200,,,0,101,,6144,200,,,0,100,,6153,200,,,0,101,,6154,200,,,0,100,,6155,200,,,0,99,,6145,200,,,0,100,,6146,200,,,0,99,,6147,200,,,0,99,,6148,200,,,0,100,,6156,200,,,0,100,,6157,200,,,0,100,,6158,200,,,0,99,,6159,200,,,0,100,,6160,200,,,0,100,,6161,200,,,0
2100,'TM-A26-TM_GTFS-Fête-2-01',633,,6163,290,0,5,0,93,,6162,510,0,5,0,100,,6164,510,0,5,0,100,,6165,510,0,5,0
2100,'TM-A26-TM_GTFS-Semaine-01',633,,6167,290,0,5,0,93,,6166,510,0,5,0,100,,6168,510,0,5,0,100,,6169,510,0,5,0
2101,'TM-A26-TM_GTFS-Fête-2-01',1632,,6172,510,0,5,0,100,,6171,510,0,5,0,100,,6170,510,0,5,0
2101,'TM-A26-TM_GTFS-Semaine-01',1632,,6175,510,0,5,0,100,,6174,510,0,5,0,100,,6173,510,0,5,0
2701,'TM-A26-TM_GTFS-Semaine-01',557,,6280,160,,,0,98,,6283,160,,,0,100,,6284,160,,,0,100,,6285,250,,,0,769,,6281,250,,,0,103,,6282,250,,,0,100,,6286,250,,,0
