1100,'TM-A26-TM_GTFS-Fête-1-01',632,,5071,610,,,0,100,,5081,610,,,0,101,,5072,610,,,0,101,,5073,610,,,0,100,,5082,610,,,0,102,,5074,610,,,0,100,,5083,610,,,0,100,,5075,610,,,0,100,,5084,610,,,0,100,,5076,610,,,0,100,,5085,610,,,0,100,,5077,610,,,0,99,,5086,610,,,0,99,,5078,610,,,0,100,,5087,610,,,0,98,,5079,610,,,0,100,,5088,610,,,0,100,,5080,610,,,0,100,,5089,610,,,0,100,,5090,610,,,0
1100,'TM-A26-TM_GTFS-Fête-2-01',602,,5091,610,,,0,30,,5113,610,,,0,70,,5102,610,,,0,30,,5098,610,,,0,70,,5092,610,,,0,30,,5114,610,,,0,70,,5103,610,,,0,31,,5106,610,,,0,102,,5110,610,,,0,100,,5107,610,,,0,100,,5111,610,,,0,100,,5108,610,,,0,101,,5112,610,,,0,100,,5119,610,,,0,70,,5099,610,,,0,32,,5101,610,,,0,68,,5104,610,,,0,30,,5093,610,,,0,70,,5100,610,,,0,30,,5115,610,,,0,70,,5105,610,,,0,29,,5094,610,,,0,68,,5109,610,,,0,30,,5116,610,,,0,100,,5095,610,,,0,100,,5117,610,,,0,100,,5096,610,,,0,100,,5118,610,,,0,100,,5097,610,,,0
1100,'TM-A26-TM_GTFS-Semaine-01',602,,5120,610,,,0,30,,5142,610,,,0,70,,5131,610,,,0,30,,5127,610,,,0,70,,5121,610,,,0,30,,5143,610,,,0,70,,5132,610,,,0,31,,5135,610,,,0,102,,5139,610,,,0,100,,5136,610,,,0,100,,5140,610,,,0,100,,5137,610,,,0,101,,5141,610,,,0,100,,5148,610,,,0,70,,5128,610,,,0,32,,5130,610,,,0,68,,5133,610,,,0,30,,5122,610,,,0,70,,5129,610,,,0,30,,5144,610,,,0,70,,5134,610,,,0,29,,5123,610,,,0,68,,5138,610,,,0,30,,5145,610,,,0,100,,5124,610,,,0,100,,5146,610,,,0,100,,5125,610,,,0,100,,5147,610,,,0,100,,5126,610,,,0
1100,'TM-A26-TM_GTFS-Week-end-01',632,,5149,610,,,0,100,,5159,610,,,0,101,,5150,610,,,0,101,,5151,610,,,0,100,,5160,610,,,0,102,,5152,610,,,0,100,,5161,610,,,0,100,,5153,610,,,0,100,,5162,610,,,0,100,,5154,610,,,0,100,,5163,610,,,0,100,,5155,610,,,0,99,,5164,610,,,0,99,,5156,610,,,0,100,,5165,610,,,0,98,,5157,610,,,0,100,,5166,610,,,0,100,,5158,610,,,0,100,,5167,610,,,0,100,,5168,610,,,0
1101,'TM-A26-TM_GTFS-Fête-1-01',613,,5179,260,,,0,100,,5169,260,,,0,100,,5180,260,,,0,100,,5170,260,,,0,100,,5171,260,,,0,100,,5181,260,,,0,100,,5172,260,,,0,100,,5182,260,,,0,100,,5173,260,,,0,100,,5183,260,,,0,100,,5174,260,,,0,100,,5184,260,,,0,100,,5175,260,,,0,100,,5185,260,,,0,100,,5176,260,,,0,99,,5186,260,,,0,100,,5177,260,,,0,100,,5187,260,,,0,100,,5178,260,,,0
1101,'TM-A26-TM_GTFS-Fête-2-01',541,,5197,150,,,0,70,,5193,260,,,0,30,,5188,260,,,0,70,,5208,260,,,0,30,,5198,260,,,0,70,,5201,260,,,0,100,,5209,260,,,0,98,,5202,260,,,0,102,,5205,260,,,0,100,,5203,260,,,0,100,,5206,260,,,0,100,,5204,260,,,0,97,,5207,260,,,0,30,,5199,260,,,0,73,,5213,260,,,0,30,,5194,260,,,0,72,,5196,260,,,0,29,,5200,260,,,0,70,,5189,260,,,0,29,,5195,260,,,0,71,,5210,260,,,0,103,,5190,260,,,0,99,,5211,260,,,0,101,,5191,260,,,0,99,,5212,260,,,0,101,,5192,260,,,0
1101,'TM-A26-TM_GTFS-Semaine-01',541,,5223,150,,,0,70,,5219,260,,,0,30,,5214,260,,,0,70,,5234,260,,,0,30,,5224,260,,,0,70,,5227,260,,,0,100,,5235,260,,,0,98,,5228,260,,,0,102,,5231,260,,,0,100,,5229,260,,,0,100,,5232,260,,,0,100,,5230,260,,,0,97,,5233,260,,,0,30,,5225,260,,,0,73,,5239,260,,,0,30,,5220,260,,,0,72,,5222,260,,,0,29,,5226,260,,,0,70,,5215,260,,,0,29,,5221,260,,,0,71,,5236,260,,,0,103,,5216,260,,,0,99,,5237,260,,,0,101,,5217,260,,,0,99,,5238,260,,,0,101,,5218,260,,,0
1101,'TM-A26-TM_GTFS-Week-end-01',613,,5250,260,,,0,100,,5240,260,,,0,100,,5251,260,,,0,100,,5241,260,,,0,100,,5242,260,,,0,100,,5252,260,,,0,100,,5243,260,,,0,100,,5253,260,,,0,100,,5244,260,,,0,100,,5254,260,,,0,100,,5245,260,,,0,100,,5255,260,,,0,100,,5246,260,,,0,100,,5256,260,,,0,100,,5247,260,,,0,99,,5257,260,,,0,100,,5248,260,,,0,100,,5258,260,,,0,100,,5249,260,,,0
4001,'TM-A26-TM_GTFS-Fête-1-01',821,,6440,280,,,0,402,,6441,280,,,0,498,,6442,280,,,0
4001,'TM-A26-TM_GTFS-Week-end-01',821,,6443,280,,,0,402,,6444,280,,,0,498,,6445,280,,,0
14001,'TM-A26-TM_GTFS-Fête-2-01',659,,6491,290,,,0,146,,6486,290,,,0,97,,6490,290,,,0,430,,6488,290,,,0,208,,6483,290,,,0,101,,6487,290,,,0,78,,6485,290,,,0,27,,6489,290,,,0,70,,6492,290,,,0,40,,6480,290,,,0,70,,6484,290,,,0,96,,6481,290,,,0,292,,6482,290,,,0
14001,'TM-A26-TM_GTFS-Semaine-01',659,,6504,290,,,0,146,,6499,290,,,0,97,,6503,290,,,0,430,,6501,290,,,0,208,,6496,290,,,0,101,,6500,290,,,0,78,,6498,290,,,0,27,,6502,290,,,0,70,,6505,290,,,0,40,,6493,290,,,0,70,,6497,290,,,0,96,,6494,290,,,0,292,,6495,290,,,0
3001101,'TM-A26-TM_GTFS-Semaine-01',1655,,6711,80,,,0,100,,6712,80,,,0
2000001200,'TM-A26-TM_GTFS-Fête-2-01',1233,,6739,80,,,0,390,,6740,80,,,0,215,,6741,80,,,0
2000001200,'TM-A26-TM_GTFS-Semaine-01',1233,,6742,80,,,0,390,,6743,80,,,0,215,,6744,80,,,0
