1100,'TM-A26-TM_GTFS-Fête-1-01',623,,5071,510,,,0,100,,5081,510,,,0,100,,5072,510,,,0,101,,5073,510,,,0,100,,5082,510,,,0,101,,5074,510,,,0,100,,5083,510,,,0,100,,5075,510,,,0,100,,5084,510,,,0,100,,5076,510,,,0,100,,5085,510,,,0,100,,5077,510,,,0,100,,5086,510,,,0,100,,5078,510,,,0,100,,5087,510,,,0,98,,5079,510,,,0,100,,5088,510,,,0,100,,5080,510,,,0,100,,5089,510,,,0,100,,5090,510,,,0
1100,'TM-A26-TM_GTFS-Fête-2-01',552,,5091,510,,,0,70,,5113,510,,,0,30,,5102,510,,,0,70,,5098,510,,,0,30,,5092,510,,,0,70,,5114,510,,,0,30,,5103,510,,,0,71,,5106,510,,,0,101,,5110,510,,,0,100,,5107,510,,,0,100,,5111,510,,,0,100,,5108,510,,,0,101,,5112,510,,,0,100,,5119,510,,,0,30,,5099,510,,,0,70,,5101,510,,,0,30,,5104,510,,,0,70,,5093,510,,,0,30,,5100,510,,,0,70,,5115,510,,,0,30,,5105,510,,,0,69,,5094,510,,,0,28,,5109,510,,,0,70,,5116,510,,,0,100,,5095,510,,,0,100,,5117,510,,,0,100,,5096,510,,,0,100,,5118,510,,,0,100,,5097,510,,,0
1100,'TM-A26-TM_GTFS-Semaine-01',552,,5120,510,,,0,70,,5142,510,,,0,30,,5131,510,,,0,70,,5127,510,,,0,30,,5121,510,,,0,70,,5143,510,,,0,30,,5132,510,,,0,71,,5135,510,,,0,101,,5139,510,,,0,100,,5136,510,,,0,100,,5140,510,,,0,100,,5137,510,,,0,101,,5141,510,,,0,100,,5148,510,,,0,30,,5128,510,,,0,70,,5130,510,,,0,30,,5133,510,,,0,70,,5122,510,,,0,30,,5129,510,,,0,70,,5144,510,,,0,30,,5134,510,,,0,69,,5123,510,,,0,28,,5138,510,,,0,70,,5145,510,,,0,100,,5124,510,,,0,100,,5146,510,,,0,100,,5125,510,,,0,100,,5147,510,,,0,100,,5126,510,,,0
1100,'TM-A26-TM_GTFS-Week-end-01',623,,5149,510,,,0,100,,5159,510,,,0,100,,5150,510,,,0,101,,5151,510,,,0,100,,5160,510,,,0,101,,5152,510,,,0,100,,5161,510,,,0,100,,5153,510,,,0,100,,5162,510,,,0,100,,5154,510,,,0,100,,5163,510,,,0,100,,5155,510,,,0,100,,5164,510,,,0,100,,5156,510,,,0,100,,5165,510,,,0,98,,5157,510,,,0,100,,5166,510,,,0,100,,5158,510,,,0,100,,5167,510,,,0,100,,5168,510,,,0
4000,'TM-A26-TM_GTFS-Fête-1-01',722,,6434,230,,,0,396,,6435,230,,,0,500,,6436,230,,,0
4000,'TM-A26-TM_GTFS-Week-end-01',722,,6437,230,,,0,396,,6438,230,,,0,500,,6439,230,,,0
14001,'TM-A26-TM_GTFS-Fête-2-01',645,,6491,180,,,0,106,,6486,180,,,0,97,,6490,180,,,0,470,,6488,180,,,0,208,,6483,180,,,0,98,,6487,180,,,0,81,,6485,180,,,0,27,,6489,180,,,0,70,,6492,180,,,0,40,,6480,180,,,0,70,,6484,180,,,0,96,,6481,180,,,0,292,,6482,180,,,0
14001,'TM-A26-TM_GTFS-Semaine-01',645,,6504,180,,,0,106,,6499,180,,,0,97,,6503,180,,,0,470,,6501,180,,,0,208,,6496,180,,,0,98,,6500,180,,,0,81,,6498,180,,,0,27,,6502,180,,,0,70,,6505,180,,,0,40,,6493,180,,,0,70,,6497,180,,,0,96,,6494,180,,,0,292,,6495,180,,,0
2000001201,'TM-A26-TM_GTFS-Fête-2-01',808,,6745,70,,,0,100,,6746,70,,,0,315,,6747,70,,,0
2000001201,'TM-A26-TM_GTFS-Semaine-01',808,,6748,70,,,0,100,,6749,70,,,0,315,,6750,70,,,0
