100,'TM-A26-TM_GTFS-Fête-1-01',626,,4703,300,,,0,96,,4704,590,,,0,100,,4705,590,,,0,101,,4706,590,,,0,100,,4707,590,,,0,100,,4708,590,,,0,100,,4709,590,,,0,100,,4710,590,,,0,104,,4711,660,,,0,100,,4712,660,,,0,100,,4713,660,,,0,100,,4714,660,,,0,99,,4715,660,,,0,100,,4716,660,,,0,100,,4717,660,,,0,100,,4718,660,,,0,99,,4719,660,,,0,100,,4720,660,,,0,100,,4721,660,,,0,99,,4722,660,0,13 3 14,0
100,'TM-A26-TM_GTFS-Fête-2-01',554,,4723,590,,,0,70,,4751,590,,,0,30,,4749,590,,,0,70,,4741,590,,,0,30,,4750,590,,,0,70,,4729,590,,,0,30,,4746,590,,,0,70,,4730,590,,,0,100,,4731,590,,,0,100,,4732,590,,,0,100,,4733,590,,,0,100,,4734,590,,,0,100,,4735,590,,,0,100,,4736,590,,,0,30,,4747,590,,,0,71,,4737,590,,,0,30,,4748,590,,,0,70,,4739,590,,,0,29,,4727,590,,,0,70,,4738,590,,,0,29,,4726,590,,,0,69,,4740,590,,,0,30,,4728,590,,,0,70,,4742,590,,,0,100,,4752,590,,,0,100,,4753,590,,,0,100,,4743,590,,,0,100,,4744,590,,,0,100,,4745,590,0,13 3 14,0
100,'TM-A26-TM_GTFS-Semaine-01',554,,4754,590,,,0,70,,4782,590,,,0,30,,4780,590,,,0,70,,4772,590,,,0,30,,4781,590,,,0,70,,4760,590,,,0,30,,4777,590,,,0,70,,4761,590,,,0,100,,4762,590,,,0,100,,4763,590,,,0,100,,4764,590,,,0,100,,4765,590,,,0,100,,4766,590,,,0,100,,4767,590,,,0,30,,4778,590,,,0,71,,4768,590,,,0,30,,4779,590,,,0,70,,4770,590,,,0,29,,4758,590,,,0,70,,4769,590,,,0,29,,4757,590,,,0,69,,4771,590,,,0,30,,4759,590,,,0,70,,4773,590,,,0,100,,4783,590,,,0,100,,4784,590,,,0,100,,4774,590,,,0,100,,4775,590,,,0,100,,4776,590,0,13 3 14,0
100,'TM-A26-TM_GTFS-Week-end-01',626,,4785,300,,,0,96,,4786,590,,,0,100,,4787,590,,,0,101,,4788,590,,,0,100,,4789,590,,,0,100,,4790,590,,,0,100,,4791,590,,,0,100,,4792,590,,,0,104,,4793,660,,,0,100,,4794,660,,,0,100,,4795,660,,,0,100,,4796,660,,,0,99,,4797,660,,,0,100,,4798,660,,,0,100,,4799,660,,,0,100,,4800,660,,,0,99,,4801,660,,,0,100,,4802,660,,,0,100,,4803,660,,,0,99,,4804,660,0,13 3 14,0
1400,'TM-A26-TM_GTFS-Fête-1-01',638,,5259,320,,,0,100,,5264,320,,,0,99,,5262,320,,,0,99,,5276,320,,,0,99,,5271,320,,,0,100,,5269,320,,,0,99,,5272,320,,,0,100,,5270,320,,,0,100,,5273,320,,,0,102,,5277,320,,,0,100,,5274,320,,,0,100,,5278,320,,,0,100,,5275,320,,,0,100,,5261,320,,,0,100,,5265,320,,,0,100,,5268,320,,,0,100,,5266,320,,,0,102,,5263,320,,,0,100,,5267,320,,,0,100,,5260,320,,,0
1400,'TM-A26-TM_GTFS-Fête-2-01',528,,5294,320,,,0,31,,5287,320,,,0,71,,5295,320,,,0,72,,5300,320,,,0,27,,5288,320,,,0,30,,5296,320,,,0,70,,5286,320,,,0,71,,5289,320,,,0,30,,5297,320,,,0,72,,5290,320,,,0,100,,5301,320,,,0,100,,5303,320,,,0,100,,5302,320,,,0,100,,5279,320,,,0,100,,5284,320,,,0,99,,5280,320,,,0,30,,5298,320,,,0,70,,5285,320,,,0,30,,5281,320,,,0,70,,5304,320,,,0,32,,5291,320,,,0,70,,5282,320,,,0,102,,5305,320,,,0,101,,5283,320,,,0,100,,5292,320,,,0,101,,5299,320,,,0,101,,5293,320,,,0,99,,5306,320,,,0
1400,'TM-A26-TM_GTFS-Semaine-01',528,,5322,320,,,0,31,,5315,320,,,0,71,,5323,320,,,0,72,,5328,320,,,0,27,,5316,320,,,0,30,,5324,320,,,0,70,,5314,320,,,0,71,,5317,320,,,0,30,,5325,320,,,0,72,,5318,320,,,0,100,,5329,320,,,0,100,,5331,320,,,0,100,,5330,320,,,0,100,,5307,320,,,0,100,,5312,320,,,0,99,,5308,320,,,0,30,,5326,320,,,0,70,,5313,320,,,0,30,,5309,320,,,0,70,,5332,320,,,0,32,,5319,320,,,0,70,,5310,320,,,0,102,,5333,320,,,0,101,,5311,320,,,0,100,,5320,320,,,0,101,,5327,320,,,0,101,,5321,320,,,0,99,,5334,320,,,0
1400,'TM-A26-TM_GTFS-Week-end-01',638,,5335,320,,,0,100,,5340,320,,,0,99,,5338,320,,,0,99,,5352,320,,,0,99,,5347,320,,,0,100,,5345,320,,,0,99,,5348,320,,,0,100,,5346,320,,,0,100,,5349,320,,,0,102,,5353,320,,,0,100,,5350,320,,,0,100,,5354,320,,,0,100,,5351,320,,,0,100,,5337,320,,,0,100,,5341,320,,,0,100,,5344,320,,,0,100,,5342,320,,,0,102,,5339,320,,,0,100,,5343,320,,,0,100,,5336,320,,,0
1701,'TM-A26-TM_GTFS-Fête-1-01',629,,5541,530,,,0,100,,5532,530,,,0,100,,5523,530,,,0,100,,5533,530,,,0,100,,5524,530,,,0,100,,5534,530,,,0,100,,5525,530,,,0,100,,5535,530,,,0,100,,5526,530,,,0,100,,5536,530,,,0,100,,5527,530,,,0,100,,5537,530,,,0,100,,5528,530,,,0,100,,5538,530,,,0,99,,5529,530,,,0,100,,5539,530,,,0,100,,5530,530,,,0,100,,5540,530,,,0,100,,5531,530,,,0
1701,'TM-A26-TM_GTFS-Fête-2-01',529,,5545,530,,,0,102,,5554,530,,,0,94,,5546,530,,,0,104,,5555,530,,,0,99,,5547,530,,,0,99,,5556,530,,,0,100,,5548,530,,,0,100,,5557,530,,,0,100,,5549,530,,,0,100,,5558,530,,,0,101,,5550,530,,,0,100,,5559,530,,,0,104,,5551,530,,,0,98,,5542,530,,,0,95,,5552,530,,,0,100,,5543,530,,,0,100,,5553,530,,,0,100,,5544,530,,,0,100,,5560,530,,,0,100,,5561,530,,,0
1701,'TM-A26-TM_GTFS-Semaine-01',529,,5565,530,,,0,102,,5574,530,,,0,94,,5566,530,,,0,104,,5575,530,,,0,99,,5567,530,,,0,99,,5576,530,,,0,100,,5568,530,,,0,100,,5577,530,,,0,100,,5569,530,,,0,100,,5578,530,,,0,101,,5570,530,,,0,100,,5579,530,,,0,104,,5571,530,,,0,98,,5562,530,,,0,95,,5572,530,,,0,100,,5563,530,,,0,100,,5573,530,,,0,100,,5564,530,,,0,100,,5580,530,,,0,100,,5581,530,,,0
1701,'TM-A26-TM_GTFS-Week-end-01',629,,5600,530,,,0,100,,5591,530,,,0,100,,5582,530,,,0,100,,5592,530,,,0,100,,5583,530,,,0,100,,5593,530,,,0,100,,5584,530,,,0,100,,5594,530,,,0,100,,5585,530,,,0,100,,5595,530,,,0,100,,5586,530,,,0,100,,5596,530,,,0,100,,5587,530,,,0,100,,5597,530,,,0,99,,5588,530,,,0,100,,5598,530,,,0,100,,5589,530,,,0,100,,5599,530,,,0,100,,5590,530,,,0
2201,'TM-A26-TM_GTFS-Semaine-01',1150,,6179,80,,,0,109,,6180,80,,,0,191,,6184,80,,,0,154,,6181,80,,,0,116,,6182,80,,,0,100,,6183,80,,,0
