1400,'TM-A26-TM_GTFS-Fête-1-02',636,,7439,270,,,0,100,,7444,270,,,0,99,,7442,270,,,0,98,,7456,270,,,0,99,,7451,270,,,0,100,,7449,270,,,0,100,,7452,270,,,0,100,,7450,270,,,0,100,,7453,270,,,0,102,,7457,270,,,0,100,,7454,270,,,0,100,,7458,270,,,0,100,,7455,270,,,0,100,,7441,270,,,0,100,,7445,270,,,0,100,,7448,270,,,0,100,,7446,270,,,0,102,,7443,270,,,0,100,,7447,270,,,0,100,,7440,270,,,0
1400,'TM-A26-TM_GTFS-Fête-2-02',524,,7474,270,,,0,31,,7467,270,,,0,71,,7475,270,,,0,31,,7480,270,,,0,67,,7468,270,,,0,30,,7476,270,,,0,70,,7466,270,,,0,33,,7469,270,,,0,70,,7477,270,,,0,32,,7470,270,,,0,100,,7481,270,,,0,100,,7483,270,,,0,100,,7482,270,,,0,100,,7459,270,,,0,100,,7464,270,,,0,100,,7460,270,,,0,70,,7478,270,,,0,30,,7465,270,,,0,70,,7461,270,,,0,30,,7484,270,,,0,72,,7471,270,,,0,70,,7462,270,,,0,102,,7485,270,,,0,101,,7463,270,,,0,100,,7472,270,,,0,101,,7479,270,,,0,101,,7473,270,,,0,99,,7486,270,,,0
1400,'TM-A26-TM_GTFS-Semaine-02',524,,7502,270,,,0,31,,7495,270,,,0,71,,7503,270,,,0,31,,7508,270,,,0,67,,7496,270,,,0,30,,7504,270,,,0,70,,7494,270,,,0,33,,7497,270,,,0,70,,7505,270,,,0,32,,7498,270,,,0,100,,7509,270,,,0,100,,7511,270,,,0,100,,7510,270,,,0,100,,7487,270,,,0,100,,7492,270,,,0,100,,7488,270,,,0,70,,7506,270,,,0,30,,7493,270,,,0,70,,7489,270,,,0,30,,7512,270,,,0,72,,7499,270,,,0,70,,7490,270,,,0,102,,7513,270,,,0,101,,7491,270,,,0,100,,7500,270,,,0,101,,7507,270,,,0,101,,7501,270,,,0,99,,7514,270,,,0
1400,'TM-A26-TM_GTFS-Week-end-02',636,,7515,270,,,0,100,,7520,270,,,0,99,,7518,270,,,0,98,,7532,270,,,0,99,,7527,270,,,0,100,,7525,270,,,0,100,,7528,270,,,0,100,,7526,270,,,0,100,,7529,270,,,0,102,,7533,270,,,0,100,,7530,270,,,0,100,,7534,270,,,0,100,,7531,270,,,0,100,,7517,270,,,0,100,,7521,270,,,0,100,,7524,270,,,0,100,,7522,270,,,0,102,,7519,270,,,0,100,,7523,270,,,0,100,,7516,270,,,0
1701,'TM-A26-TM_GTFS-Fête-1-02',625,,7721,480,,,0,100,,7712,480,,,0,100,,7703,480,,,0,100,,7713,480,,,0,100,,7704,480,,,0,100,,7714,480,,,0,100,,7705,480,,,0,100,,7715,480,,,0,100,,7706,480,,,0,100,,7716,480,,,0,100,,7707,480,,,0,100,,7717,480,,,0,100,,7708,480,,,0,100,,7718,480,,,0,100,,7709,480,,,0,100,,7719,480,,,0,100,,7710,480,,,0,100,,7720,480,,,0,100,,7711,480,,,0
1701,'TM-A26-TM_GTFS-Fête-2-02',526,,7725,480,,,0,101,,7734,480,,,0,93,,7726,480,,,0,105,,7735,480,,,0,99,,7727,480,,,0,99,,7736,480,,,0,100,,7728,480,,,0,100,,7737,480,,,0,100,,7729,480,,,0,100,,7738,480,,,0,101,,7730,480,,,0,100,,7739,480,,,0,104,,7731,480,,,0,99,,7722,480,,,0,95,,7732,480,,,0,100,,7723,480,,,0,100,,7733,480,,,0,100,,7724,480,,,0,100,,7740,480,,,0,100,,7741,480,,,0
1701,'TM-A26-TM_GTFS-Semaine-02',526,,7745,480,,,0,101,,7754,480,,,0,93,,7746,480,,,0,105,,7755,480,,,0,99,,7747,480,,,0,99,,7756,480,,,0,100,,7748,480,,,0,100,,7757,480,,,0,100,,7749,480,,,0,100,,7758,480,,,0,101,,7750,480,,,0,100,,7759,480,,,0,104,,7751,480,,,0,99,,7742,480,,,0,95,,7752,480,,,0,100,,7743,480,,,0,100,,7753,480,,,0,100,,7744,480,,,0,100,,7760,480,,,0,100,,7761,480,,,0
1701,'TM-A26-TM_GTFS-Week-end-02',625,,7780,480,,,0,100,,7771,480,,,0,100,,7762,480,,,0,100,,7772,480,,,0,100,,7763,480,,,0,100,,7773,480,,,0,100,,7764,480,,,0,100,,7774,480,,,0,100,,7765,480,,,0,100,,7775,480,,,0,100,,7766,480,,,0,100,,7776,480,,,0,100,,7767,480,,,0,100,,7777,480,,,0,100,,7768,480,,,0,100,,7778,480,,,0,100,,7769,480,,,0,100,,7779,480,,,0,100,,7770,480,,,0
2000001501,'TM-A26-TM_GTFS-Fête-2-02',722,,8957,280,,,0,110,,8958,280,,,0,90,,8959,280,,,0,315,,8960,280,,,0
2000001501,'TM-A26-TM_GTFS-Semaine-02',722,,8961,280,,,0,110,,8962,280,,,0,90,,8963,280,,,0,315,,8964,280,,,0
2000005701,'TM-A26-TM_GTFS-Fête-2-02',619,,9045,50,4,,0,100,,9046,50,4,,0,100,,9047,50,4,,0,401,,9048,50,4,,0,402,,9049,50,4,,0,100,,9050,50,4,,0,100,,9051,50,4,,0
2000005701,'TM-A26-TM_GTFS-Semaine-02',619,,9052,50,4,,0,100,,9053,50,4,,0,100,,9054,50,4,,0,401,,9055,50,4,,0,402,,9056,50,4,,0,100,,9057,50,4,,0,100,,9058,50,4,,0
