2000001200,'TM-A26-TM_GTFS-Fête-2-02',1210,,8919,10,,,0,390,,8920,10,,,0,215,,8921,10,,,0
2000001200,'TM-A26-TM_GTFS-Semaine-02',1210,,8922,10,,,0,390,,8923,10,,,0,215,,8924,10,,,0
2000001201,'TM-A26-TM_GTFS-Fête-2-02',830,,8925,110,4,,0,100,,8926,110,4,,0,315,,8927,110,4,,0
2000001201,'TM-A26-TM_GTFS-Semaine-02',830,,8928,110,4,,0,100,,8929,110,4,,0,315,,8930,110,4,,0
2000001300,'TM-A26-TM_GTFS-Fête-2-02',1215,,8934,10,,,0,400,,8931,10,,,0,100,,8935,10,,,0,30,,8932,10,,,0,70,,8933,10,,,0
2000001300,'TM-A26-TM_GTFS-Semaine-02',1215,,8939,10,,,0,400,,8936,10,,,0,100,,8940,10,,,0,30,,8937,10,,,0,70,,8938,10,,,0
2000001301,'TM-A26-TM_GTFS-Fête-2-02',735,,8941,180,4,,0,100,,8942,180,4,,0,100,,8943,180,4,,0,200,,8944,180,4,,0
2000001301,'TM-A26-TM_GTFS-Semaine-02',735,,8945,180,4,,0,100,,8946,180,4,,0,100,,8947,180,4,,0,200,,8948,180,4,,0
2000001500,'TM-A26-TM_GTFS-Fête-2-02',1215,,8949,10,,,0,400,,8950,10,,,0,100,,8951,10,,,0,100,,8952,10,,,0
2000001500,'TM-A26-TM_GTFS-Semaine-02',1215,,8953,10,,,0,400,,8954,10,,,0,100,,8955,10,,,0,100,,8956,10,,,0
2000001501,'TM-A26-TM_GTFS-Fête-2-02',730,,8957,340,4,,0,110,,8958,340,4,,0,90,,8959,340,4,,0,315,,8960,340,4,,0
2000001501,'TM-A26-TM_GTFS-Semaine-02',730,,8961,340,4,,0,110,,8962,340,4,,0,90,,8963,340,4,,0,315,,8964,340,4,,0
