200,'TM-A26-TM_GTFS-Fête-1-02',655,,6985,70,,,0,201,,6986,70,,,0,200,,6987,70,,,0,200,,6988,70,,,0,200,,6989,70,,,0,199,,6990,70,,,0,200,,6991,70,,,0,200,,6992,70,,,0,200,,6993,70,,,0,200,,6994,70,0,12,0
200,'TM-A26-TM_GTFS-Fête-2-02',555,,7013,70,,,0,70,,7007,70,,,0,30,,7014,70,,,0,71,,7008,70,,,0,30,,7015,70,,,0,70,,7009,70,,,0,130,,7003,70,,,0,200,,7004,70,,,0,200,,7005,70,0,8 7,0,100,,7002,70,,,0,100,,7011,70,,,0,70,,7010,70,,,0,30,,7012,70,,,0,70,,7006,70,,,0,100,,6995,70,,,0,130,,7001,70,,,0,99,,6998,70,,,0,100,,6997,70,,,0,100,,6999,70,,,0,200,,7000,70,0,12,0
200,'TM-A26-TM_GTFS-Semaine-02',555,,7034,70,,,0,70,,7028,70,,,0,30,,7035,70,,,0,71,,7029,70,,,0,30,,7036,70,,,0,70,,7030,70,,,0,130,,7024,70,,,0,200,,7025,70,,,0,200,,7026,70,0,8 7,0,100,,7023,70,,,0,100,,7032,70,,,0,70,,7031,70,,,0,30,,7033,70,,,0,70,,7027,70,,,0,100,,7016,70,,,0,130,,7022,70,,,0,99,,7019,70,,,0,100,,7018,70,,,0,100,,7020,70,,,0,200,,7021,70,0,12,0
200,'TM-A26-TM_GTFS-Week-end-02',655,,7037,70,,,0,201,,7038,70,,,0,200,,7039,70,,,0,200,,7040,70,,,0,200,,7041,70,,,0,199,,7042,70,,,0,200,,7043,70,,,0,200,,7044,70,,,0,200,,7045,70,,,0,200,,7046,70,0,12,0
400,'TM-A26-TM_GTFS-Fête-2-02',1637,,7109,70,,,0,93,,7105,70,,,0,100,,7106,70,,,0,295,,7107,70,,,0,275,,7108,70,,,0
400,'TM-A26-TM_GTFS-Semaine-02',1637,,7114,70,,,0,93,,7110,70,,,0,100,,7111,70,,,0,295,,7112,70,,,0,275,,7113,70,,,0
401,'TM-A26-TM_GTFS-Fête-2-02',546,,7116,150,,,0,100,,7118,150,,,0,100,,7117,150,,,0,101,,7115,150,,,0,1074,,7119,150,,,0
401,'TM-A26-TM_GTFS-Semaine-02',546,,7121,150,,,0,100,,7123,150,,,0,100,,7122,150,,,0,101,,7120,150,,,0,1074,,7124,150,,,0
800,'TM-A26-TM_GTFS-Fête-1-02',626,,7131,300,,,0,99,,7132,600,,,0,100,,7133,600,,,0,100,,7134,600,,,0,101,,7135,600,,,0,100,,7136,600,,,0,100,,7137,600,,,0,100,,7138,600,,,0,100,,7139,600,,,0,100,,7140,600,,,0,100,,7141,600,,,0,100,,7142,600,,,0,99,,7143,600,,,0,100,,7144,600,,,0,100,,7145,600,,,0,100,,7146,600,,,0,100,,7147,600,,,0,100,,7148,600,,,0,100,,7149,600,,,0
800,'TM-A26-TM_GTFS-Fête-2-02',626,,7162,600,,,0,102,,7157,600,,,0,100,,7153,600,,,0,99,,7154,600,,,0,100,,7160,600,,,0,100,,7161,600,,,0,100,,7151,600,,,0,100,,7152,600,,,0,100,,7158,600,,,0,102,,7163,600,,,0,100,,7159,600,,,0,100,,7155,600,,,0,97,,7156,600,,,0,100,,7164,600,,,0,100,,7165,600,,,0,100,,7166,600,,,0,100,,7167,600,,,0,100,,7168,600,,,0,99,,7169,600,,,0
800,'TM-A26-TM_GTFS-Semaine-02',626,,7182,600,,,0,102,,7177,600,,,0,100,,7173,600,,,0,99,,7174,600,,,0,100,,7180,600,,,0,100,,7181,600,,,0,100,,7171,600,,,0,100,,7172,600,,,0,100,,7178,600,,,0,102,,7183,600,,,0,100,,7179,600,,,0,100,,7175,600,,,0,97,,7176,600,,,0,100,,7184,600,,,0,100,,7185,600,,,0,100,,7186,600,,,0,100,,7187,600,,,0,100,,7188,600,,,0,99,,7189,600,,,0
800,'TM-A26-TM_GTFS-Week-end-02',626,,7191,300,,,0,99,,7192,600,,,0,100,,7193,600,,,0,100,,7194,600,,,0,101,,7195,600,,,0,100,,7196,600,,,0,100,,7197,600,,,0,100,,7198,600,,,0,100,,7199,600,,,0,100,,7200,600,,,0,100,,7201,600,,,0,100,,7202,600,,,0,99,,7203,600,,,0,100,,7204,600,,,0,100,,7205,600,,,0,100,,7206,600,,,0,100,,7207,600,,,0,100,,7208,600,,,0,100,,7209,600,,,0
1100,'TM-A26-TM_GTFS-Fête-1-02',555,,7251,70,,,0,100,,7261,70,,,0,100,,7252,70,,,0,100,,7253,70,,,0,100,,7262,70,,,0,101,,7254,70,,,0,100,,7263,70,,,0,100,,7255,70,,,0,100,,7264,70,,,0,100,,7256,70,,,0,100,,7265,70,,,0,100,,7257,70,,,0,100,,7266,70,,,0,100,,7258,70,,,0,100,,7267,70,,,0,100,,7259,70,,,0,100,,7268,70,,,0,100,,7260,70,,,0,100,,7269,70,,,0,100,,7270,70,,,0
1100,'TM-A26-TM_GTFS-Fête-2-02',525,,7271,70,,,0,30,,7293,70,,,0,70,,7282,70,,,0,30,,7278,70,,,0,70,,7272,70,,,0,30,,7294,70,,,0,70,,7283,70,,,0,30,,7286,70,,,0,100,,7290,70,,,0,100,,7287,70,,,0,100,,7291,70,,,0,100,,7288,70,,,0,101,,7292,70,,,0,100,,7299,70,,,0,70,,7279,70,,,0,30,,7281,70,,,0,70,,7284,70,,,0,30,,7273,70,,,0,70,,7280,70,,,0,30,,7295,70,,,0,70,,7285,70,,,0,30,,7274,70,,,0,69,,7289,70,,,0,30,,7296,70,,,0,100,,7275,70,,,0,100,,7297,70,,,0,100,,7276,70,,,0,100,,7298,70,,,0,100,,7277,70,,,0
1100,'TM-A26-TM_GTFS-Semaine-02',525,,7300,70,,,0,30,,7322,70,,,0,70,,7311,70,,,0,30,,7307,70,,,0,70,,7301,70,,,0,30,,7323,70,,,0,70,,7312,70,,,0,30,,7315,70,,,0,100,,7319,70,,,0,100,,7316,70,,,0,100,,7320,70,,,0,100,,7317,70,,,0,101,,7321,70,,,0,100,,7328,70,,,0,70,,7308,70,,,0,30,,7310,70,,,0,70,,7313,70,,,0,30,,7302,70,,,0,70,,7309,70,,,0,30,,7324,70,,,0,70,,7314,70,,,0,30,,7303,70,,,0,69,,7318,70,,,0,30,,7325,70,,,0,100,,7304,70,,,0,100,,7326,70,,,0,100,,7305,70,,,0,100,,7327,70,,,0,100,,7306,70,,,0
1100,'TM-A26-TM_GTFS-Week-end-02',555,,7329,70,,,0,100,,7339,70,,,0,100,,7330,70,,,0,100,,7331,70,,,0,100,,7340,70,,,0,101,,7332,70,,,0,100,,7341,70,,,0,100,,7333,70,,,0,100,,7342,70,,,0,100,,7334,70,,,0,100,,7343,70,,,0,100,,7335,70,,,0,100,,7344,70,,,0,100,,7336,70,,,0,100,,7345,70,,,0,100,,7337,70,,,0,100,,7346,70,,,0,100,,7338,70,,,0,100,,7347,70,,,0,100,,7348,70,,,0
2000,'TM-A26-TM_GTFS-Fête-1-02',655,,8171,70,,,0,100,,8172,70,,,0,101,,8173,70,,,0,100,,8162,70,,,0,100,,8163,70,,,0,100,,8164,70,,,0,100,,8165,70,,,0,100,,8166,70,,,0,100,,8167,70,,,0,100,,8168,70,,,0,100,,8169,70,,,0,100,,8170,70,,,0,100,,8174,70,,,0,100,,8175,70,,,0,100,,8176,70,,,0,100,,8177,70,,,0,99,,8178,70,,,0,100,,8179,70,,,0,100,,8180,70,,,0
2000,'TM-A26-TM_GTFS-Fête-2-02',556,,8187,70,,,0,70,,8182,70,,,0,30,,8188,70,,,0,70,,8206,70,,,0,30,,8189,70,,,0,70,,8204,70,,,0,30,,8190,70,,,0,100,,8191,70,,,0,100,,8192,70,,,0,100,,8193,70,,,0,100,,8197,70,,,0,100,,8181,70,,,0,100,,8196,70,,,0,100,,8183,70,,,0,70,,8185,70,,,0,30,,8184,70,,,0,70,,8203,70,,,0,30,,8194,70,,,0,70,,8205,70,,,0,30,,8186,70,,,0,100,,8195,70,,,0,100,,8198,70,,,0,100,,8199,70,,,0,99,,8200,70,,,0,100,,8201,70,,,0,100,,8202,70,,,0
2000,'TM-A26-TM_GTFS-Semaine-02',556,,8213,70,,,0,70,,8208,70,,,0,30,,8214,70,,,0,70,,8232,70,,,0,30,,8215,70,,,0,70,,8230,70,,,0,30,,8216,70,,,0,100,,8217,70,,,0,100,,8218,70,,,0,100,,8219,70,,,0,100,,8223,70,,,0,100,,8207,70,,,0,100,,8222,70,,,0,100,,8209,70,,,0,70,,8211,70,,,0,30,,8210,70,,,0,70,,8229,70,,,0,30,,8220,70,,,0,70,,8231,70,,,0,30,,8212,70,,,0,100,,8221,70,,,0,100,,8224,70,,,0,100,,8225,70,,,0,99,,8226,70,,,0,100,,8227,70,,,0,100,,8228,70,,,0
2000,'TM-A26-TM_GTFS-Week-end-02',655,,8242,70,,,0,100,,8243,70,,,0,101,,8244,70,,,0,100,,8233,70,,,0,100,,8234,70,,,0,100,,8235,70,,,0,100,,8236,70,,,0,100,,8237,70,,,0,100,,8238,70,,,0,100,,8239,70,,,0,100,,8240,70,,,0,100,,8241,70,,,0,100,,8245,70,,,0,100,,8246,70,,,0,100,,8247,70,,,0,100,,8248,70,,,0,99,,8249,70,,,0,100,,8250,70,,,0,100,,8251,70,,,0
2100,'TM-A26-TM_GTFS-Fête-2-02',655,,8342,70,0,5,0,100,,8344,70,0,5,0,100,,8345,70,0,5,0
2100,'TM-A26-TM_GTFS-Semaine-02',655,,8346,70,0,5,0,100,,8348,70,0,5,0,100,,8349,70,0,5,0
2101,'TM-A26-TM_GTFS-Fête-2-02',1556,,8352,70,0,5,0,100,,8351,70,0,5,0,100,,8350,70,0,5,0
2101,'TM-A26-TM_GTFS-Semaine-02',1556,,8355,70,0,5,0,100,,8354,70,0,5,0,100,,8353,70,0,5,0
2700,'TM-A26-TM_GTFS-Semaine-02',719,,8458,70,,,0,100,,8453,70,,,0,706,,8456,70,,,0,100,,8457,70,,,0,100,,8455,70,,,0,100,,8454,70,,,0,100,,8459,70,,,0
