100,'TM-A26-TM_GTFS-Fête-1-02',626,,6883,290,,,0,96,,6884,580,,,0,100,,6885,580,,,0,101,,6886,580,,,0,100,,6887,580,,,0,100,,6888,580,,,0,100,,6889,580,,,0,100,,6890,580,,,0,104,,6891,650,,,0,100,,6892,650,,,0,100,,6893,650,,,0,100,,6894,650,,,0,99,,6895,650,,,0,100,,6896,650,,,0,99,,6897,650,,,0,100,,6898,650,,,0,99,,6899,650,,,0,100,,6900,650,,,0,100,,6901,650,,,0,100,,6902,650,0,13 3 14,0
100,'TM-A26-TM_GTFS-Fête-2-02',553,,6903,580,,,0,70,,6931,580,,,0,30,,6929,580,,,0,70,,6921,580,,,0,30,,6930,580,,,0,70,,6909,580,,,0,30,,6926,580,,,0,70,,6910,580,,,0,100,,6911,580,,,0,100,,6912,580,,,0,100,,6913,580,,,0,100,,6914,580,,,0,100,,6915,580,,,0,100,,6916,580,,,0,30,,6927,580,,,0,71,,6917,580,,,0,30,,6928,580,,,0,70,,6919,580,,,0,29,,6907,580,,,0,70,,6918,580,,,0,29,,6906,580,,,0,69,,6920,580,,,0,30,,6908,580,,,0,70,,6922,580,,,0,100,,6932,580,,,0,100,,6933,580,,,0,100,,6923,580,,,0,100,,6924,580,,,0,100,,6925,580,0,13 3 14,0
100,'TM-A26-TM_GTFS-Semaine-02',553,,6934,580,,,0,70,,6962,580,,,0,30,,6960,580,,,0,70,,6952,580,,,0,30,,6961,580,,,0,70,,6940,580,,,0,30,,6957,580,,,0,70,,6941,580,,,0,100,,6942,580,,,0,100,,6943,580,,,0,100,,6944,580,,,0,100,,6945,580,,,0,100,,6946,580,,,0,100,,6947,580,,,0,30,,6958,580,,,0,71,,6948,580,,,0,30,,6959,580,,,0,70,,6950,580,,,0,29,,6938,580,,,0,70,,6949,580,,,0,29,,6937,580,,,0,69,,6951,580,,,0,30,,6939,580,,,0,70,,6953,580,,,0,100,,6963,580,,,0,100,,6964,580,,,0,100,,6954,580,,,0,100,,6955,580,,,0,100,,6956,580,0,13 3 14,0
100,'TM-A26-TM_GTFS-Week-end-02',626,,6965,290,,,0,96,,6966,580,,,0,100,,6967,580,,,0,101,,6968,580,,,0,100,,6969,580,,,0,100,,6970,580,,,0,100,,6971,580,,,0,100,,6972,580,,,0,104,,6973,650,,,0,100,,6974,650,,,0,100,,6975,650,,,0,100,,6976,650,,,0,99,,6977,650,,,0,100,,6978,650,,,0,99,,6979,650,,,0,100,,6980,650,,,0,99,,6981,650,,,0,100,,6982,650,,,0,100,,6983,650,,,0,100,,6984,650,0,13 3 14,0
1400,'TM-A26-TM_GTFS-Fête-1-02',638,,7439,310,,,0,100,,7444,310,,,0,99,,7442,310,,,0,99,,7456,310,,,0,99,,7451,310,,,0,100,,7449,310,,,0,99,,7452,310,,,0,100,,7450,310,,,0,100,,7453,310,,,0,102,,7457,310,,,0,100,,7454,310,,,0,100,,7458,310,,,0,100,,7455,310,,,0,100,,7441,310,,,0,100,,7445,310,,,0,100,,7448,310,,,0,100,,7446,310,,,0,102,,7443,310,,,0,100,,7447,310,,,0,100,,7440,310,,,0
1400,'TM-A26-TM_GTFS-Fête-2-02',528,,7474,310,,,0,31,,7467,310,,,0,71,,7475,310,,,0,72,,7480,310,,,0,27,,7468,310,,,0,30,,7476,310,,,0,70,,7466,310,,,0,71,,7469,310,,,0,30,,7477,310,,,0,72,,7470,310,,,0,100,,7481,310,,,0,100,,7483,310,,,0,100,,7482,310,,,0,100,,7459,310,,,0,100,,7464,310,,,0,99,,7460,310,,,0,30,,7478,310,,,0,70,,7465,310,,,0,30,,7461,310,,,0,70,,7484,310,,,0,32,,7471,310,,,0,70,,7462,310,,,0,102,,7485,310,,,0,101,,7463,310,,,0,100,,7472,310,,,0,101,,7479,310,,,0,101,,7473,310,,,0,99,,7486,310,,,0
1400,'TM-A26-TM_GTFS-Semaine-02',528,,7502,310,,,0,31,,7495,310,,,0,71,,7503,310,,,0,72,,7508,310,,,0,27,,7496,310,,,0,30,,7504,310,,,0,70,,7494,310,,,0,71,,7497,310,,,0,30,,7505,310,,,0,72,,7498,310,,,0,100,,7509,310,,,0,100,,7511,310,,,0,100,,7510,310,,,0,100,,7487,310,,,0,100,,7492,310,,,0,99,,7488,310,,,0,30,,7506,310,,,0,70,,7493,310,,,0,30,,7489,310,,,0,70,,7512,310,,,0,32,,7499,310,,,0,70,,7490,310,,,0,102,,7513,310,,,0,101,,7491,310,,,0,100,,7500,310,,,0,101,,7507,310,,,0,101,,7501,310,,,0,99,,7514,310,,,0
1400,'TM-A26-TM_GTFS-Week-end-02',638,,7515,310,,,0,100,,7520,310,,,0,99,,7518,310,,,0,99,,7532,310,,,0,99,,7527,310,,,0,100,,7525,310,,,0,99,,7528,310,,,0,100,,7526,310,,,0,100,,7529,310,,,0,102,,7533,310,,,0,100,,7530,310,,,0,100,,7534,310,,,0,100,,7531,310,,,0,100,,7517,310,,,0,100,,7521,310,,,0,100,,7524,310,,,0,100,,7522,310,,,0,102,,7519,310,,,0,100,,7523,310,,,0,100,,7516,310,,,0
1701,'TM-A26-TM_GTFS-Fête-1-02',629,,7721,520,,,0,100,,7712,520,,,0,100,,7703,520,,,0,100,,7713,520,,,0,100,,7704,520,,,0,100,,7714,520,,,0,100,,7705,520,,,0,100,,7715,520,,,0,100,,7706,520,,,0,100,,7716,520,,,0,100,,7707,520,,,0,100,,7717,520,,,0,100,,7708,520,,,0,100,,7718,520,,,0,99,,7709,520,,,0,100,,7719,520,,,0,100,,7710,520,,,0,100,,7720,520,,,0,100,,7711,520,,,0
1701,'TM-A26-TM_GTFS-Fête-2-02',529,,7725,520,,,0,102,,7734,520,,,0,94,,7726,520,,,0,104,,7735,520,,,0,99,,7727,520,,,0,99,,7736,520,,,0,100,,7728,520,,,0,100,,7737,520,,,0,100,,7729,520,,,0,100,,7738,520,,,0,101,,7730,520,,,0,100,,7739,520,,,0,104,,7731,520,,,0,98,,7722,520,,,0,95,,7732,520,,,0,100,,7723,520,,,0,100,,7733,520,,,0,100,,7724,520,,,0,100,,7740,520,,,0,100,,7741,520,,,0
1701,'TM-A26-TM_GTFS-Semaine-02',529,,7745,520,,,0,102,,7754,520,,,0,94,,7746,520,,,0,104,,7755,520,,,0,99,,7747,520,,,0,99,,7756,520,,,0,100,,7748,520,,,0,100,,7757,520,,,0,100,,7749,520,,,0,100,,7758,520,,,0,101,,7750,520,,,0,100,,7759,520,,,0,104,,7751,520,,,0,98,,7742,520,,,0,95,,7752,520,,,0,100,,7743,520,,,0,100,,7753,520,,,0,100,,7744,520,,,0,100,,7760,520,,,0,100,,7761,520,,,0
1701,'TM-A26-TM_GTFS-Week-end-02',629,,7780,520,,,0,100,,7771,520,,,0,100,,7762,520,,,0,100,,7772,520,,,0,100,,7763,520,,,0,100,,7773,520,,,0,100,,7764,520,,,0,100,,7774,520,,,0,100,,7765,520,,,0,100,,7775,520,,,0,100,,7766,520,,,0,100,,7776,520,,,0,100,,7767,520,,,0,100,,7777,520,,,0,99,,7768,520,,,0,100,,7778,520,,,0,100,,7769,520,,,0,100,,7779,520,,,0,100,,7770,520,,,0
