200,'TM-A26-TM_GTFS-Fête-1-02',730,,6985,640,,,0,206,,6986,640,,,0,200,,6987,640,,,0,200,,6988,640,,,0,200,,6989,640,,,0,196,,6990,640,,,0,198,,6991,640,,,0,200,,6992,640,,,0,200,,6993,640,,,0
200,'TM-A26-TM_GTFS-Fête-2-02',603,,6996,450,,,0,27,,7013,620,,,0,72,,7007,620,,,0,30,,7014,620,,,0,74,,7008,620,,,0,30,,7015,620,,,0,70,,7009,620,,,0,130,,7003,620,,,0,200,,7004,620,,,0,200,,7005,620,0,8 7,0,100,,7002,620,,,0,105,,7011,620,,,0,70,,7010,620,,,0,30,,7012,620,,,0,70,,7006,620,,,0,96,,6995,620,,,0,130,,7001,620,,,0,93,,6998,620,,,0,99,,6997,620,,,0,100,,6999,620,,,0
200,'TM-A26-TM_GTFS-Semaine-02',603,,7017,450,,,0,27,,7034,620,,,0,72,,7028,620,,,0,30,,7035,620,,,0,74,,7029,620,,,0,30,,7036,620,,,0,70,,7030,620,,,0,130,,7024,620,,,0,200,,7025,620,,,0,200,,7026,620,0,8 7,0,100,,7023,620,,,0,105,,7032,620,,,0,70,,7031,620,,,0,30,,7033,620,,,0,70,,7027,620,,,0,96,,7016,620,,,0,130,,7022,620,,,0,93,,7019,620,,,0,99,,7018,620,,,0,100,,7020,620,,,0
200,'TM-A26-TM_GTFS-Week-end-02',730,,7037,640,,,0,206,,7038,640,,,0,200,,7039,640,,,0,200,,7040,640,,,0,200,,7041,640,,,0,196,,7042,640,,,0,198,,7043,640,,,0,200,,7044,640,,,0,200,,7045,640,,,0
1400,'TM-A26-TM_GTFS-Fête-1-02',642,,7439,370,,,0,100,,7444,370,,,0,99,,7442,370,,,0,99,,7456,370,,,0,100,,7451,370,,,0,100,,7449,370,,,0,99,,7452,370,,,0,100,,7450,370,,,0,100,,7453,370,,,0,101,,7457,370,,,0,100,,7454,370,,,0,100,,7458,370,,,0,100,,7455,370,,,0,100,,7441,370,,,0,100,,7445,370,,,0,100,,7448,370,,,0,100,,7446,370,,,0,101,,7443,370,,,0,100,,7447,370,,,0,100,,7440,370,,,0
1400,'TM-A26-TM_GTFS-Fête-2-02',532,,7474,370,,,0,72,,7467,370,,,0,31,,7475,370,,,0,72,,7480,370,,,0,27,,7468,370,,,0,70,,7476,370,,,0,30,,7466,370,,,0,70,,7469,370,,,0,30,,7477,370,,,0,72,,7470,370,,,0,100,,7481,370,,,0,100,,7483,370,,,0,100,,7482,370,,,0,100,,7459,370,,,0,100,,7464,370,,,0,100,,7460,370,,,0,30,,7478,370,,,0,70,,7465,370,,,0,30,,7461,370,,,0,70,,7484,370,,,0,31,,7471,370,,,0,70,,7462,370,,,0,102,,7485,370,,,0,101,,7463,370,,,0,100,,7472,370,,,0,100,,7479,370,,,0,101,,7473,370,,,0,99,,7486,370,,,0
1400,'TM-A26-TM_GTFS-Semaine-02',532,,7502,370,,,0,72,,7495,370,,,0,31,,7503,370,,,0,72,,7508,370,,,0,27,,7496,370,,,0,70,,7504,370,,,0,30,,7494,370,,,0,70,,7497,370,,,0,30,,7505,370,,,0,72,,7498,370,,,0,100,,7509,370,,,0,100,,7511,370,,,0,100,,7510,370,,,0,100,,7487,370,,,0,100,,7492,370,,,0,100,,7488,370,,,0,30,,7506,370,,,0,70,,7493,370,,,0,30,,7489,370,,,0,70,,7512,370,,,0,31,,7499,370,,,0,70,,7490,370,,,0,102,,7513,370,,,0,101,,7491,370,,,0,100,,7500,370,,,0,100,,7507,370,,,0,101,,7501,370,,,0,99,,7514,370,,,0
1400,'TM-A26-TM_GTFS-Week-end-02',642,,7515,370,,,0,100,,7520,370,,,0,99,,7518,370,,,0,99,,7532,370,,,0,100,,7527,370,,,0,100,,7525,370,,,0,99,,7528,370,,,0,100,,7526,370,,,0,100,,7529,370,,,0,101,,7533,370,,,0,100,,7530,370,,,0,100,,7534,370,,,0,100,,7531,370,,,0,100,,7517,370,,,0,100,,7521,370,,,0,100,,7524,370,,,0,100,,7522,370,,,0,101,,7519,370,,,0,100,,7523,370,,,0,100,,7516,370,,,0
1701,'TM-A26-TM_GTFS-Fête-1-02',632,,7721,580,,,0,101,,7712,580,,,0,100,,7703,580,,,0,100,,7713,580,,,0,100,,7704,580,,,0,100,,7714,580,,,0,100,,7705,580,,,0,100,,7715,580,,,0,100,,7706,580,,,0,100,,7716,580,,,0,100,,7707,580,,,0,99,,7717,580,,,0,100,,7708,580,,,0,100,,7718,580,,,0,99,,7709,580,,,0,100,,7719,580,,,0,100,,7710,580,,,0,100,,7720,580,,,0,100,,7711,580,,,0
1701,'TM-A26-TM_GTFS-Fête-2-02',533,,7725,580,,,0,102,,7734,580,,,0,94,,7726,580,,,0,104,,7735,580,,,0,100,,7727,580,,,0,99,,7736,580,,,0,100,,7728,580,,,0,100,,7737,580,,,0,100,,7729,580,,,0,100,,7738,580,,,0,101,,7730,580,,,0,100,,7739,580,,,0,104,,7731,580,,,0,96,,7722,580,,,0,95,,7732,580,,,0,100,,7723,580,,,0,100,,7733,580,,,0,100,,7724,580,,,0,100,,7740,580,,,0,100,,7741,580,,,0
1701,'TM-A26-TM_GTFS-Semaine-02',533,,7745,580,,,0,102,,7754,580,,,0,94,,7746,580,,,0,104,,7755,580,,,0,100,,7747,580,,,0,99,,7756,580,,,0,100,,7748,580,,,0,100,,7757,580,,,0,100,,7749,580,,,0,100,,7758,580,,,0,101,,7750,580,,,0,100,,7759,580,,,0,104,,7751,580,,,0,96,,7742,580,,,0,95,,7752,580,,,0,100,,7743,580,,,0,100,,7753,580,,,0,100,,7744,580,,,0,100,,7760,580,,,0,100,,7761,580,,,0
1701,'TM-A26-TM_GTFS-Week-end-02',632,,7780,580,,,0,101,,7771,580,,,0,100,,7762,580,,,0,100,,7772,580,,,0,100,,7763,580,,,0,100,,7773,580,,,0,100,,7764,580,,,0,100,,7774,580,,,0,100,,7765,580,,,0,100,,7775,580,,,0,100,,7766,580,,,0,99,,7776,580,,,0,100,,7767,580,,,0,100,,7777,580,,,0,99,,7768,580,,,0,100,,7778,580,,,0,100,,7769,580,,,0,100,,7779,580,,,0,100,,7770,580,,,0
1800,'TM-A26-TM_GTFS-Fête-1-02',725,,7784,500,,,0,100,,7785,500,,,0,100,,7786,500,,,0,399,,7787,500,,,0,201,,7781,500,,,0,100,,7782,500,,,0,100,,7783,500,,,0,299,,7788,500,,,0
1800,'TM-A26-TM_GTFS-Fête-2-02',555,,7789,190,,,0,102,,7798,500,,,0,100,,7790,500,,,0,70,,7794,500,,,0,29,,7791,500,,,0,170,,7795,500,,,0,200,,7796,500,,,0,200,,7797,500,,,0,129,,7792,500,,,0,100,,7801,500,,,0,100,,7802,500,,,0,71,,7799,240,,,0,98,,7800,500,,,0,200,,7793,500,,,0
1800,'TM-A26-TM_GTFS-Semaine-02',555,,7803,190,,,0,102,,7812,500,,,0,100,,7804,500,,,0,70,,7808,500,,,0,29,,7805,500,,,0,170,,7809,500,,,0,200,,7810,500,,,0,200,,7811,500,,,0,129,,7806,500,,,0,100,,7815,500,,,0,100,,7816,500,,,0,71,,7813,240,,,0,98,,7814,500,,,0,200,,7807,500,,,0
1800,'TM-A26-TM_GTFS-Week-end-02',725,,7820,500,,,0,100,,7821,500,,,0,100,,7822,500,,,0,399,,7823,500,,,0,201,,7817,500,,,0,100,,7818,500,,,0,100,,7819,500,,,0,299,,7824,500,,,0
2301,'TM-A26-TM_GTFS-Fête-2-02',801,,8377,150,,,0,102,,8380,150,,,0,800,,8378,150,,,0,134,,8379,150,,,0
2301,'TM-A26-TM_GTFS-Semaine-02',801,,8381,150,,,0,102,,8384,150,,,0,356,,8386,150,,,0,200,,8385,150,,,0,244,,8382,150,,,0,134,,8383,150,,,0
