4000,'TM-A26-TM_GTFS-Fête-1-02',702,,8614,10,,,0,356,,8615,10,,,0,500,,8616,10,,,0
4000,'TM-A26-TM_GTFS-Week-end-02',702,,8617,10,,,0,356,,8618,10,,,0,500,,8619,10,,,0
4001,'TM-A26-TM_GTFS-Fête-1-02',833,,8620,360,4,,0,402,,8621,360,4,,0,498,,8622,360,4,,0
4001,'TM-A26-TM_GTFS-Week-end-02',833,,8623,360,4,,0,402,,8624,360,4,,0,498,,8625,360,4,,0
14000,'TM-A26-TM_GTFS-Fête-2-02',504,,8642,10,,,0,40,,8634,10,,,0,60,,8636,10,,,0,20,,8645,10,,,0,20,,8632,10,,,0,60,,8641,10,,,0,25,,8643,10,,,0,71,,8640,10,,,0,349,,8644,10,,,0,108,,8638,10,,,0,259,,8637,10,,,0,189,,8635,10,,,0,136,,8639,10,,,0,293,,8633,10,,,0
14000,'TM-A26-TM_GTFS-Semaine-02',504,,8656,10,,,0,40,,8648,10,,,0,60,,8650,10,,,0,20,,8659,10,,,0,20,,8646,10,,,0,60,,8655,10,,,0,25,,8657,10,,,0,71,,8654,10,,,0,349,,8658,10,,,0,108,,8652,10,,,0,259,,8651,10,,,0,189,,8649,10,,,0,136,,8653,10,,,0,293,,8647,10,,,0
14001,'TM-A26-TM_GTFS-Fête-2-02',711,,8671,370,4,,0,106,,8666,370,4,,0,97,,8670,370,4,,0,430,,8668,370,4,,0,208,,8663,370,4,,0,101,,8667,370,4,,0,78,,8665,370,4,,0,27,,8669,370,4,,0,70,,8672,370,4,,0,80,,8660,370,4,,0,30,,8664,370,4,,0,96,,8661,370,4,,0,292,,8662,370,4,,0
14001,'TM-A26-TM_GTFS-Semaine-02',711,,8684,370,4,,0,106,,8679,370,4,,0,97,,8683,370,4,,0,430,,8681,370,4,,0,208,,8676,370,4,,0,101,,8680,370,4,,0,78,,8678,370,4,,0,27,,8682,370,4,,0,70,,8685,370,4,,0,80,,8673,370,4,,0,30,,8677,370,4,,0,96,,8674,370,4,,0,292,,8675,370,4,,0
2000001301,'TM-A26-TM_GTFS-Fête-2-02',722,,8941,170,,,0,100,,8942,170,,,0,100,,8943,170,,,0,200,,8944,170,,,0
2000001301,'TM-A26-TM_GTFS-Semaine-02',722,,8945,170,,,0,100,,8946,170,,,0,100,,8947,170,,,0,200,,8948,170,,,0
