300,'TM-A26-TM_GTFS-Fête-1-02',630,,7047,480,,,0,201,,7048,600,,,0,207,,7049,600,,,0,200,,7050,600,,,0,200,,7051,600,,,0,197,,7052,600,,,0,197,,7053,600,,,0,199,,7054,600,,,0,200,,7055,600,,,0,198,,7056,600,,,0
300,'TM-A26-TM_GTFS-Fête-2-02',537,,7058,470,,,0,98,,7059,590,,,0,70,,7075,590,,,0,31,,7069,590,,,0,70,,7074,590,,,0,32,,7068,590,,,0,100,,7063,590,,,0,200,,7064,590,,,0,200,,7065,590,,,0,171,,7067,590,,,0,105,,7066,590,,,0,99,,7072,590,,,0,28,,7071,590,,,0,66,,7073,590,,,0,30,,7070,590,,,0,95,,7057,590,,,0,168,,7060,590,,,0,100,,7061,590,,,0,227,,7062,590,,,0
300,'TM-A26-TM_GTFS-Semaine-02',537,,7077,470,,,0,98,,7078,590,,,0,70,,7094,590,,,0,31,,7088,590,,,0,70,,7093,590,,,0,32,,7087,590,,,0,100,,7082,590,,,0,200,,7083,590,,,0,200,,7084,590,,,0,171,,7086,590,,,0,105,,7085,590,,,0,99,,7091,590,,,0,28,,7090,590,,,0,66,,7092,590,,,0,30,,7089,590,,,0,95,,7076,590,,,0,168,,7079,590,,,0,100,,7080,590,,,0,227,,7081,590,,,0
300,'TM-A26-TM_GTFS-Week-end-02',630,,7095,480,,,0,201,,7096,600,,,0,207,,7097,600,,,0,200,,7098,600,,,0,200,,7099,600,,,0,197,,7100,600,,,0,197,,7101,600,,,0,199,,7102,600,,,0,200,,7103,600,,,0,198,,7104,600,,,0
400,'TM-A26-TM_GTFS-Fête-2-02',1657,,7109,370,,,0,91,,7105,370,,,0,100,,7106,370,,,0,294,,7107,370,,,0,275,,7108,370,,,0
400,'TM-A26-TM_GTFS-Semaine-02',1657,,7114,370,,,0,91,,7110,370,,,0,100,,7111,370,,,0,294,,7112,370,,,0,275,,7113,370,,,0
401,'TM-A26-TM_GTFS-Fête-2-02',605,,7116,440,,,0,100,,7118,440,,,0,100,,7117,440,,,0,101,,7115,440,,,0,1031,,7119,440,,,0
401,'TM-A26-TM_GTFS-Semaine-02',605,,7121,440,,,0,100,,7123,440,,,0,100,,7122,440,,,0,101,,7120,440,,,0,1031,,7124,440,,,0
800,'TM-A26-TM_GTFS-Fête-1-02',701,,7132,170,,,0,100,,7133,170,,,0,100,,7134,170,,,0,100,,7135,170,,,0,100,,7136,170,,,0,100,,7137,170,,,0,100,,7138,170,,,0,100,,7139,170,,,0,100,,7140,170,,,0,100,,7141,170,,,0,100,,7142,170,,,0,100,,7143,170,,,0,100,,7144,170,,,0,100,,7145,170,,,0,100,,7146,170,,,0,100,,7147,170,,,0,100,,7148,170,,,0,100,,7149,170,,,0,99,,7150,170,0,16,0
800,'TM-A26-TM_GTFS-Fête-2-02',601,,7162,170,,,0,101,,7157,170,,,0,100,,7153,170,,,0,100,,7154,170,,,0,100,,7160,170,,,0,100,,7161,170,,,0,100,,7151,170,,,0,100,,7152,170,,,0,100,,7158,170,,,0,100,,7163,170,,,0,100,,7159,170,,,0,100,,7155,170,,,0,99,,7156,170,,,0,100,,7164,170,,,0,100,,7165,170,,,0,100,,7166,170,,,0,100,,7167,170,,,0,100,,7168,170,,,0,100,,7169,170,,,0,99,,7170,170,0,16,0
800,'TM-A26-TM_GTFS-Semaine-02',601,,7182,170,,,0,101,,7177,170,,,0,100,,7173,170,,,0,100,,7174,170,,,0,100,,7180,170,,,0,100,,7181,170,,,0,100,,7171,170,,,0,100,,7172,170,,,0,100,,7178,170,,,0,100,,7183,170,,,0,100,,7179,170,,,0,100,,7175,170,,,0,99,,7176,170,,,0,100,,7184,170,,,0,100,,7185,170,,,0,100,,7186,170,,,0,100,,7187,170,,,0,100,,7188,170,,,0,100,,7189,170,,,0,99,,7190,170,0,16,0
800,'TM-A26-TM_GTFS-Week-end-02',701,,7192,170,,,0,100,,7193,170,,,0,100,,7194,170,,,0,100,,7195,170,,,0,100,,7196,170,,,0,100,,7197,170,,,0,100,,7198,170,,,0,100,,7199,170,,,0,100,,7200,170,,,0,100,,7201,170,,,0,100,,7202,170,,,0,100,,7203,170,,,0,100,,7204,170,,,0,100,,7205,170,,,0,100,,7206,170,,,0,100,,7207,170,,,0,100,,7208,170,,,0,100,,7209,170,,,0,99,,7210,170,0,16,0
1101,'TM-A26-TM_GTFS-Fête-1-02',636,,7359,610,,,0,100,,7349,610,,,0,100,,7360,610,,,0,101,,7350,610,,,0,101,,7351,610,,,0,100,,7361,610,,,0,100,,7352,610,,,0,100,,7362,610,,,0,100,,7353,610,,,0,100,,7363,610,,,0,100,,7354,610,,,0,100,,7364,610,,,0,99,,7355,610,,,0,98,,7365,610,,,0,100,,7356,610,,,0,99,,7366,610,,,0,100,,7357,610,,,0,100,,7367,610,,,0,100,,7358,610,,,0
1101,'TM-A26-TM_GTFS-Fête-2-02',605,,7377,500,,,0,30,,7373,610,,,0,70,,7368,610,,,0,30,,7388,610,,,0,70,,7378,610,,,0,30,,7381,610,,,0,100,,7389,610,,,0,100,,7382,610,,,0,102,,7385,610,,,0,100,,7383,610,,,0,100,,7386,610,,,0,100,,7384,610,,,0,97,,7387,610,,,0,70,,7379,610,,,0,32,,7393,610,,,0,70,,7374,610,,,0,31,,7376,610,,,0,69,,7380,610,,,0,30,,7369,610,,,0,69,,7375,610,,,0,30,,7390,610,,,0,103,,7370,610,,,0,99,,7391,610,,,0,100,,7371,610,,,0,99,,7392,610,,,0,101,,7372,610,,,0
1101,'TM-A26-TM_GTFS-Semaine-02',605,,7403,500,,,0,30,,7399,610,,,0,70,,7394,610,,,0,30,,7414,610,,,0,70,,7404,610,,,0,30,,7407,610,,,0,100,,7415,610,,,0,100,,7408,610,,,0,102,,7411,610,,,0,100,,7409,610,,,0,100,,7412,610,,,0,100,,7410,610,,,0,97,,7413,610,,,0,70,,7405,610,,,0,32,,7419,610,,,0,70,,7400,610,,,0,31,,7402,610,,,0,69,,7406,610,,,0,30,,7395,610,,,0,69,,7401,610,,,0,30,,7416,610,,,0,103,,7396,610,,,0,99,,7417,610,,,0,100,,7397,610,,,0,99,,7418,610,,,0,101,,7398,610,,,0
1101,'TM-A26-TM_GTFS-Week-end-02',636,,7430,610,,,0,100,,7420,610,,,0,100,,7431,610,,,0,101,,7421,610,,,0,101,,7422,610,,,0,100,,7432,610,,,0,100,,7423,610,,,0,100,,7433,610,,,0,100,,7424,610,,,0,100,,7434,610,,,0,100,,7425,610,,,0,100,,7435,610,,,0,99,,7426,610,,,0,98,,7436,610,,,0,100,,7427,610,,,0,99,,7437,610,,,0,100,,7428,610,,,0,100,,7438,610,,,0,100,,7429,610,,,0
2001,'TM-A26-TM_GTFS-Fête-1-02',634,,8258,240,,,0,102,,8259,240,,,0,101,,8260,240,,,0,100,,8261,240,,,0,101,,8252,240,,,0,101,,8253,240,,,0,100,,8262,240,,,0,101,,8263,240,,,0,100,,8264,240,,,0,99,,8254,240,,,0,100,,8255,240,,,0,99,,8256,240,,,0,98,,8257,240,,,0,100,,8265,240,,,0,100,,8266,240,,,0,100,,8267,240,,,0,99,,8268,240,,,0,100,,8269,240,,,0,100,,8270,240,,,0
2001,'TM-A26-TM_GTFS-Fête-2-02',536,,8275,240,,,0,101,,8276,240,,,0,70,,8272,240,,,0,30,,8277,240,,,0,72,,8296,240,,,0,30,,8278,240,,,0,70,,8294,240,,,0,30,,8279,240,,,0,100,,8280,240,,,0,101,,8271,240,,,0,100,,8281,240,,,0,100,,8288,240,,,0,99,,8289,240,,,0,99,,8290,240,,,0,100,,8291,240,,,0,64,,8292,240,,,0,30,,8273,240,,,0,70,,8293,240,,,0,30,,8282,240,,,0,71,,8295,240,,,0,29,,8274,240,,,0,105,,8283,240,,,0,99,,8284,240,,,0,98,,8285,240,,,0,100,,8286,240,,,0,100,,8287,240,,,0
2001,'TM-A26-TM_GTFS-Semaine-02',536,,8301,240,,,0,101,,8302,240,,,0,70,,8298,240,,,0,30,,8303,240,,,0,72,,8322,240,,,0,30,,8304,240,,,0,70,,8320,240,,,0,30,,8305,240,,,0,100,,8306,240,,,0,101,,8297,240,,,0,100,,8307,240,,,0,100,,8314,240,,,0,99,,8315,240,,,0,99,,8316,240,,,0,100,,8317,240,,,0,64,,8318,240,,,0,30,,8299,240,,,0,70,,8319,240,,,0,30,,8308,240,,,0,71,,8321,240,,,0,29,,8300,240,,,0,105,,8309,240,,,0,99,,8310,240,,,0,98,,8311,240,,,0,100,,8312,240,,,0,100,,8313,240,,,0
2001,'TM-A26-TM_GTFS-Week-end-02',634,,8329,240,,,0,102,,8330,240,,,0,101,,8331,240,,,0,100,,8332,240,,,0,101,,8323,240,,,0,101,,8324,240,,,0,100,,8333,240,,,0,101,,8334,240,,,0,100,,8335,240,,,0,99,,8325,240,,,0,100,,8326,240,,,0,99,,8327,240,,,0,98,,8328,240,,,0,100,,8336,240,,,0,100,,8337,240,,,0,100,,8338,240,,,0,99,,8339,240,,,0,100,,8340,240,,,0,100,,8341,240,,,0
2100,'TM-A26-TM_GTFS-Fête-2-02',636,,8343,330,0,5,0,94,,8342,550,0,5,0,100,,8344,550,0,5,0,100,,8345,550,0,5,0
2100,'TM-A26-TM_GTFS-Semaine-02',636,,8347,330,0,5,0,94,,8346,550,0,5,0,100,,8348,550,0,5,0,100,,8349,550,0,5,0
2101,'TM-A26-TM_GTFS-Fête-2-02',1637,,8352,550,0,5,0,100,,8351,550,0,5,0,100,,8350,550,0,5,0
2101,'TM-A26-TM_GTFS-Semaine-02',1637,,8355,550,0,5,0,100,,8354,550,0,5,0,100,,8353,550,0,5,0
2701,'TM-A26-TM_GTFS-Semaine-02',601,,8460,200,,,0,58,,8463,200,,,0,100,,8464,200,,,0,100,,8465,290,,,0,769,,8461,290,,,0,103,,8462,290,,,0,100,,8466,290,,,0
