1401,'TM-A26-TM_GTFS-Fête-1-01',759,,5360,150,,,0,143,,5357,150,,,0,101,,5371,150,,,0,101,,5367,150,,,0,101,,5365,150,,,0,100,,5368,150,,,0,101,,5366,150,,,0,100,,5369,150,,,0,100,,5372,150,,,0,99,,5370,150,,,0,100,,5355,150,,,0,99,,5358,150,,,0,99,,5356,150,,,0,100,,5361,150,,,0,97,,5364,150,,,0,103,,5362,150,,,0,99,,5359,150,,,0,100,,5363,150,,,0
1401,'TM-A26-TM_GTFS-Fête-2-01',633,,5380,150,,,0,70,,5388,150,,,0,30,,5399,150,,,0,70,,5381,150,,,0,30,,5389,150,,,0,70,,5379,150,,,0,30,,5382,150,,,0,70,,5390,150,,,0,30,,5383,150,,,0,101,,5392,150,,,0,101,,5394,150,,,0,100,,5393,150,,,0,102,,5373,150,,,0,101,,5378,150,,,0,102,,5374,150,,,0,70,,5395,150,,,0,29,,5384,150,,,0,68,,5375,150,,,0,28,,5396,150,,,0,70,,5385,150,,,0,29,,5376,150,,,0,100,,5397,150,,,0,100,,5377,150,,,0,99,,5386,150,,,0,99,,5391,150,,,0,99,,5387,150,,,0,100,,5398,150,,,0
1401,'TM-A26-TM_GTFS-Semaine-01',633,,5407,150,,,0,70,,5415,150,,,0,30,,5426,150,,,0,70,,5408,150,,,0,30,,5416,150,,,0,70,,5406,150,,,0,30,,5409,150,,,0,70,,5417,150,,,0,30,,5410,150,,,0,101,,5419,150,,,0,101,,5421,150,,,0,100,,5420,150,,,0,102,,5400,150,,,0,101,,5405,150,,,0,102,,5401,150,,,0,70,,5422,150,,,0,29,,5411,150,,,0,68,,5402,150,,,0,28,,5423,150,,,0,70,,5412,150,,,0,29,,5403,150,,,0,100,,5424,150,,,0,100,,5404,150,,,0,99,,5413,150,,,0,99,,5418,150,,,0,99,,5414,150,,,0,100,,5425,150,,,0
1401,'TM-A26-TM_GTFS-Week-end-01',759,,5432,150,,,0,143,,5429,150,,,0,101,,5443,150,,,0,101,,5439,150,,,0,101,,5437,150,,,0,100,,5440,150,,,0,101,,5438,150,,,0,100,,5441,150,,,0,100,,5444,150,,,0,99,,5442,150,,,0,100,,5427,150,,,0,99,,5430,150,,,0,99,,5428,150,,,0,100,,5433,150,,,0,97,,5436,150,,,0,103,,5434,150,,,0,99,,5431,150,,,0,100,,5435,150,,,0
1700,'TM-A26-TM_GTFS-Fête-1-01',701,,5445,150,,,0,100,,5455,150,,,0,101,,5446,150,,,0,101,,5456,150,,,0,100,,5447,150,,,0,101,,5457,150,,,0,100,,5448,150,,,0,101,,5458,150,,,0,100,,5449,150,,,0,100,,5459,150,,,0,100,,5450,150,,,0,99,,5460,150,,,0,99,,5451,150,,,0,100,,5461,150,,,0,100,,5452,150,,,0,100,,5462,150,,,0,99,,5453,150,,,0,99,,5463,150,,,0,100,,5454,150,,,0
1700,'TM-A26-TM_GTFS-Fête-2-01',602,,5468,150,,,0,101,,5476,150,,,0,100,,5469,150,,,0,100,,5477,150,,,0,101,,5470,150,,,0,100,,5464,150,,,0,100,,5471,150,,,0,100,,5478,150,,,0,101,,5472,150,,,0,102,,5479,150,,,0,102,,5473,150,,,0,100,,5465,150,,,0,97,,5474,150,,,0,98,,5466,150,,,0,99,,5475,150,,,0,100,,5467,150,,,0,100,,5481,150,,,0,99,,5483,150,,,0,100,,5482,150,,,0,98,,5480,150,,,0
1700,'TM-A26-TM_GTFS-Semaine-01',602,,5488,150,,,0,101,,5496,150,,,0,100,,5489,150,,,0,100,,5497,150,,,0,101,,5490,150,,,0,100,,5484,150,,,0,100,,5491,150,,,0,100,,5498,150,,,0,101,,5492,150,,,0,102,,5499,150,,,0,102,,5493,150,,,0,100,,5485,150,,,0,97,,5494,150,,,0,98,,5486,150,,,0,99,,5495,150,,,0,100,,5487,150,,,0,100,,5501,150,,,0,99,,5503,150,,,0,100,,5502,150,,,0,98,,5500,150,,,0
1700,'TM-A26-TM_GTFS-Week-end-01',701,,5504,150,,,0,100,,5514,150,,,0,101,,5505,150,,,0,101,,5515,150,,,0,100,,5506,150,,,0,101,,5516,150,,,0,100,,5507,150,,,0,101,,5517,150,,,0,100,,5508,150,,,0,100,,5518,150,,,0,100,,5509,150,,,0,99,,5519,150,,,0,99,,5510,150,,,0,100,,5520,150,,,0,100,,5511,150,,,0,100,,5521,150,,,0,99,,5512,150,,,0,99,,5522,150,,,0,100,,5513,150,,,0
2000001500,'TM-A26-TM_GTFS-Fête-2-01',1226,,6769,80,,,0,400,,6770,80,,,0,100,,6771,80,,,0,100,,6772,80,,,0
2000001500,'TM-A26-TM_GTFS-Semaine-01',1226,,6773,80,,,0,400,,6774,80,,,0,100,,6775,80,,,0,100,,6776,80,,,0
2000005701,'TM-A26-TM_GTFS-Fête-2-01',609,,6865,10,,,0,100,,6866,10,,,0,100,,6867,10,,,0,401,,6868,10,,,0,402,,6869,10,,,0,100,,6870,10,,,0,100,,6871,10,,,0
2000005701,'TM-A26-TM_GTFS-Semaine-01',609,,6872,10,,,0,100,,6873,10,,,0,100,,6874,10,,,0,401,,6875,10,,,0,402,,6876,10,,,0,100,,6877,10,,,0,100,,6878,10,,,0
