200,'TM-A26-TM_GTFS-Fête-1-02',717,,6985,400,,,0,205,,6986,400,,,0,200,,6987,400,,,0,200,,6988,400,,,0,200,,6989,400,,,0,196,,6990,400,,,0,199,,6991,400,,,0,200,,6992,400,,,0,200,,6993,400,,,0,198,,6994,400,0,12,0
200,'TM-A26-TM_GTFS-Fête-2-02',549,,6996,210,,,0,67,,7013,380,,,0,32,,7007,380,,,0,70,,7014,380,,,0,33,,7008,380,,,0,70,,7015,380,,,0,30,,7009,380,,,0,170,,7003,380,,,0,200,,7004,380,,,0,200,,7005,380,0,8 7,0,101,,7002,380,,,0,104,,7011,380,,,0,30,,7010,380,,,0,70,,7012,380,,,0,30,,7006,380,,,0,96,,6995,380,,,0,170,,7001,380,,,0,94,,6998,380,,,0,100,,6997,380,,,0,100,,6999,380,,,0,197,,7000,380,0,12,0
200,'TM-A26-TM_GTFS-Semaine-02',549,,7017,210,,,0,67,,7034,380,,,0,32,,7028,380,,,0,70,,7035,380,,,0,33,,7029,380,,,0,70,,7036,380,,,0,30,,7030,380,,,0,170,,7024,380,,,0,200,,7025,380,,,0,200,,7026,380,0,8 7,0,101,,7023,380,,,0,104,,7032,380,,,0,30,,7031,380,,,0,70,,7033,380,,,0,30,,7027,380,,,0,96,,7016,380,,,0,170,,7022,380,,,0,94,,7019,380,,,0,100,,7018,380,,,0,100,,7020,380,,,0,197,,7021,380,0,12,0
200,'TM-A26-TM_GTFS-Week-end-02',717,,7037,400,,,0,205,,7038,400,,,0,200,,7039,400,,,0,200,,7040,400,,,0,200,,7041,400,,,0,196,,7042,400,,,0,199,,7043,400,,,0,200,,7044,400,,,0,200,,7045,400,,,0,198,,7046,400,0,12,0
2100,'TM-A26-TM_GTFS-Fête-2-02',616,,8343,10,0,5,0,91,,8342,230,0,5,0,100,,8344,230,0,5,0,100,,8345,230,0,5,0
2100,'TM-A26-TM_GTFS-Semaine-02',616,,8347,10,0,5,0,91,,8346,230,0,5,0,100,,8348,230,0,5,0,100,,8349,230,0,5,0
41701,'TM-A26-TM_GTFS-Fête-2-02',1722,,8694,110,,,0,89,,8696,110,,,0,36,,8697,110,,,0,78,,8695,110,,,0
41701,'TM-A26-TM_GTFS-Semaine-02',1722,,8698,110,,,0,89,,8700,110,,,0,36,,8701,110,,,0,78,,8699,110,,,0
2000041701,'TM-A26-TM_GTFS-Fête-2-02',1328,,9061,110,,,0
2000041701,'TM-A26-TM_GTFS-Semaine-02',1328,,9062,110,,,0
