200,'TM-A26-TM_GTFS-Fête-1-02',718,,6985,410,,,0,205,,6986,410,,,0,200,,6987,410,,,0,200,,6988,410,,,0,200,,6989,410,,,0,196,,6990,410,,,0,199,,6991,410,,,0,200,,6992,410,,,0,200,,6993,410,,,0,198,,6994,410,0,12,0
200,'TM-A26-TM_GTFS-Fête-2-02',550,,6996,220,,,0,67,,7013,390,,,0,32,,7007,390,,,0,70,,7014,390,,,0,33,,7008,390,,,0,70,,7015,390,,,0,30,,7009,390,,,0,170,,7003,390,,,0,200,,7004,390,,,0,200,,7005,390,0,8 7,0,101,,7002,390,,,0,104,,7011,390,,,0,30,,7010,390,,,0,70,,7012,390,,,0,30,,7006,390,,,0,96,,6995,390,,,0,170,,7001,390,,,0,94,,6998,390,,,0,100,,6997,390,,,0,100,,6999,390,,,0,197,,7000,390,0,12,0
200,'TM-A26-TM_GTFS-Semaine-02',550,,7017,220,,,0,67,,7034,390,,,0,32,,7028,390,,,0,70,,7035,390,,,0,33,,7029,390,,,0,70,,7036,390,,,0,30,,7030,390,,,0,170,,7024,390,,,0,200,,7025,390,,,0,200,,7026,390,0,8 7,0,101,,7023,390,,,0,104,,7032,390,,,0,30,,7031,390,,,0,70,,7033,390,,,0,30,,7027,390,,,0,96,,7016,390,,,0,170,,7022,390,,,0,94,,7019,390,,,0,100,,7018,390,,,0,100,,7020,390,,,0,197,,7021,390,0,12,0
200,'TM-A26-TM_GTFS-Week-end-02',718,,7037,410,,,0,205,,7038,410,,,0,200,,7039,410,,,0,200,,7040,410,,,0,200,,7041,410,,,0,196,,7042,410,,,0,199,,7043,410,,,0,200,,7044,410,,,0,200,,7045,410,,,0,198,,7046,410,0,12,0
2100,'TM-A26-TM_GTFS-Fête-2-02',616,,8343,20,0,5,0,91,,8342,240,0,5,0,100,,8344,240,0,5,0,100,,8345,240,0,5,0
2100,'TM-A26-TM_GTFS-Semaine-02',616,,8347,20,0,5,0,91,,8346,240,0,5,0,100,,8348,240,0,5,0,100,,8349,240,0,5,0
41701,'TM-A26-TM_GTFS-Fête-2-02',1723,,8694,120,,,0,88,,8696,120,,,0,37,,8697,120,,,0,78,,8695,120,,,0
41701,'TM-A26-TM_GTFS-Semaine-02',1723,,8698,120,,,0,88,,8700,120,,,0,37,,8701,120,,,0,78,,8699,120,,,0
2000041701,'TM-A26-TM_GTFS-Fête-2-02',1329,,9061,120,,,0
2000041701,'TM-A26-TM_GTFS-Semaine-02',1329,,9062,120,,,0
