300,'TM-A26-TM_GTFS-Fête-1-01',611,,4867,190,,,0,199,,4868,310,,,0,204,,4869,310,,,0,200,,4870,310,,,0,200,,4871,310,,,0,200,,4872,310,,,0,198,,4873,310,,,0,199,,4874,310,,,0,200,,4875,310,,,0,199,,4876,310,,,0
300,'TM-A26-TM_GTFS-Fête-2-01',516,,4878,190,,,0,96,,4879,310,,,0,30,,4895,310,,,0,71,,4889,310,,,0,30,,4894,310,,,0,71,,4888,310,,,0,100,,4883,310,,,0,201,,4884,310,,,0,200,,4885,310,,,0,130,,4887,310,,,0,105,,4886,310,,,0,97,,4892,310,,,0,68,,4891,310,,,0,30,,4893,310,,,0,70,,4890,310,,,0,97,,4877,310,,,0,128,,4880,310,,,0,100,,4881,310,,,0,269,,4882,310,,,0
300,'TM-A26-TM_GTFS-Semaine-01',516,,4897,190,,,0,96,,4898,310,,,0,30,,4914,310,,,0,71,,4908,310,,,0,30,,4913,310,,,0,71,,4907,310,,,0,100,,4902,310,,,0,201,,4903,310,,,0,200,,4904,310,,,0,130,,4906,310,,,0,105,,4905,310,,,0,97,,4911,310,,,0,68,,4910,310,,,0,30,,4912,310,,,0,70,,4909,310,,,0,97,,4896,310,,,0,128,,4899,310,,,0,100,,4900,310,,,0,269,,4901,310,,,0
300,'TM-A26-TM_GTFS-Week-end-01',611,,4915,190,,,0,199,,4916,310,,,0,204,,4917,310,,,0,200,,4918,310,,,0,200,,4919,310,,,0,200,,4920,310,,,0,198,,4921,310,,,0,199,,4922,310,,,0,200,,4923,310,,,0,199,,4924,310,,,0
2101,'TM-A26-TM_GTFS-Fête-2-01',1622,,6172,400,0,5,0,101,,6171,400,0,5,0,100,,6170,400,0,5,0
2101,'TM-A26-TM_GTFS-Semaine-01',1622,,6175,400,0,5,0,101,,6174,400,0,5,0,100,,6173,400,0,5,0
41700,'TM-A26-TM_GTFS-Fête-2-01',559,,6507,300,,,0,73,,6509,300,,,0,80,,6506,300,,,0,100,,6508,300,,,0
41700,'TM-A26-TM_GTFS-Semaine-01',559,,6511,300,,,0,73,,6513,300,,,0,80,,6510,300,,,0,100,,6512,300,,,0
2000041700,'TM-A26-TM_GTFS-Fête-2-01',1317,,6879,300,,,0
2000041700,'TM-A26-TM_GTFS-Semaine-01',1317,,6880,300,,,0
