100,'TM-A26-TM_GTFS-Fête-1-02',652,,6884,20,,,0,100,,6885,20,,,0,100,,6886,20,,,0,100,,6887,20,,,0,100,,6888,20,,,0,100,,6889,20,,,0,100,,6890,20,,,0,100,,6891,20,,,0,100,,6892,20,,,0,100,,6893,20,,,0,100,,6894,20,,,0,100,,6895,20,,,0,100,,6896,20,,,0,100,,6897,20,,,0,100,,6898,20,,,0,100,,6899,20,,,0,100,,6900,20,,,0,100,,6901,20,,,0,100,,6902,20,0,13 3 14,0
100,'TM-A26-TM_GTFS-Fête-2-02',522,,6903,20,,,0,30,,6931,20,,,0,70,,6929,20,,,0,30,,6921,20,,,0,70,,6930,20,,,0,30,,6909,20,,,0,70,,6926,20,,,0,30,,6910,20,,,0,100,,6911,20,,,0,100,,6912,20,,,0,100,,6913,20,,,0,100,,6914,20,,,0,100,,6915,20,,,0,100,,6916,20,,,0,70,,6927,20,,,0,30,,6917,20,,,0,70,,6928,20,,,0,30,,6919,20,,,0,70,,6907,20,,,0,30,,6918,20,,,0,70,,6906,20,,,0,30,,6920,20,,,0,70,,6908,20,,,0,30,,6922,20,,,0,100,,6932,20,,,0,100,,6933,20,,,0,100,,6923,20,,,0,100,,6924,20,,,0,100,,6925,20,0,13 3 14,0
100,'TM-A26-TM_GTFS-Semaine-02',522,,6934,20,,,0,30,,6962,20,,,0,70,,6960,20,,,0,30,,6952,20,,,0,70,,6961,20,,,0,30,,6940,20,,,0,70,,6957,20,,,0,30,,6941,20,,,0,100,,6942,20,,,0,100,,6943,20,,,0,100,,6944,20,,,0,100,,6945,20,,,0,100,,6946,20,,,0,100,,6947,20,,,0,70,,6958,20,,,0,30,,6948,20,,,0,70,,6959,20,,,0,30,,6950,20,,,0,70,,6938,20,,,0,30,,6949,20,,,0,70,,6937,20,,,0,30,,6951,20,,,0,70,,6939,20,,,0,30,,6953,20,,,0,100,,6963,20,,,0,100,,6964,20,,,0,100,,6954,20,,,0,100,,6955,20,,,0,100,,6956,20,0,13 3 14,0
100,'TM-A26-TM_GTFS-Week-end-02',652,,6966,20,,,0,100,,6967,20,,,0,100,,6968,20,,,0,100,,6969,20,,,0,100,,6970,20,,,0,100,,6971,20,,,0,100,,6972,20,,,0,100,,6973,20,,,0,100,,6974,20,,,0,100,,6975,20,,,0,100,,6976,20,,,0,100,,6977,20,,,0,100,,6978,20,,,0,100,,6979,20,,,0,100,,6980,20,,,0,100,,6981,20,,,0,100,,6982,20,,,0,100,,6983,20,,,0,100,,6984,20,0,13 3 14,0
400,'TM-A26-TM_GTFS-Fête-2-02',1704,,7109,440,,,0,50,,7105,440,,,0,100,,7106,440,,,0,293,,7107,440,,,0,275,,7108,440,,,0
400,'TM-A26-TM_GTFS-Semaine-02',1704,,7114,440,,,0,50,,7110,440,,,0,100,,7111,440,,,0,293,,7112,440,,,0,275,,7113,440,,,0
800,'TM-A26-TM_GTFS-Fête-1-02',706,,7132,240,,,0,100,,7133,240,,,0,100,,7134,240,,,0,101,,7135,240,,,0,100,,7136,240,,,0,100,,7137,240,,,0,100,,7138,240,,,0,100,,7139,240,,,0,100,,7140,240,,,0,100,,7141,240,,,0,100,,7142,240,,,0,99,,7143,240,,,0,100,,7144,240,,,0,100,,7145,240,,,0,100,,7146,240,,,0,100,,7147,240,,,0,100,,7148,240,,,0,100,,7149,240,,,0,99,,7150,240,0,16,0
800,'TM-A26-TM_GTFS-Fête-2-02',606,,7162,240,,,0,102,,7157,240,,,0,100,,7153,240,,,0,100,,7154,240,,,0,100,,7160,240,,,0,100,,7161,240,,,0,100,,7151,240,,,0,100,,7152,240,,,0,100,,7158,240,,,0,101,,7163,240,,,0,100,,7159,240,,,0,100,,7155,240,,,0,98,,7156,240,,,0,100,,7164,240,,,0,100,,7165,240,,,0,100,,7166,240,,,0,100,,7167,240,,,0,100,,7168,240,,,0,100,,7169,240,,,0,98,,7170,240,0,16,0
800,'TM-A26-TM_GTFS-Semaine-02',606,,7182,240,,,0,102,,7177,240,,,0,100,,7173,240,,,0,100,,7174,240,,,0,100,,7180,240,,,0,100,,7181,240,,,0,100,,7171,240,,,0,100,,7172,240,,,0,100,,7178,240,,,0,101,,7183,240,,,0,100,,7179,240,,,0,100,,7175,240,,,0,98,,7176,240,,,0,100,,7184,240,,,0,100,,7185,240,,,0,100,,7186,240,,,0,100,,7187,240,,,0,100,,7188,240,,,0,100,,7189,240,,,0,98,,7190,240,0,16,0
800,'TM-A26-TM_GTFS-Week-end-02',706,,7192,240,,,0,100,,7193,240,,,0,100,,7194,240,,,0,101,,7195,240,,,0,100,,7196,240,,,0,100,,7197,240,,,0,100,,7198,240,,,0,100,,7199,240,,,0,100,,7200,240,,,0,100,,7201,240,,,0,100,,7202,240,,,0,99,,7203,240,,,0,100,,7204,240,,,0,100,,7205,240,,,0,100,,7206,240,,,0,100,,7207,240,,,0,100,,7208,240,,,0,100,,7209,240,,,0,99,,7210,240,0,16,0
1800,'TM-A26-TM_GTFS-Fête-1-02',652,,7784,20,,,0,100,,7785,20,,,0,100,,7786,20,,,0,400,,7787,20,,,0,200,,7781,20,,,0,100,,7782,20,,,0,100,,7783,20,,,0,300,,7788,20,,,0
1800,'TM-A26-TM_GTFS-Fête-2-02',622,,7798,20,,,0,100,,7790,20,,,0,30,,7794,20,,,0,70,,7791,20,,,0,130,,7795,20,,,0,200,,7796,20,,,0,200,,7797,20,,,0,170,,7792,20,,,0,100,,7801,20,,,0,100,,7802,20,,,0,130,,7800,20,,,0,200,,7793,20,,,0
1800,'TM-A26-TM_GTFS-Semaine-02',622,,7812,20,,,0,100,,7804,20,,,0,30,,7808,20,,,0,70,,7805,20,,,0,130,,7809,20,,,0,200,,7810,20,,,0,200,,7811,20,,,0,170,,7806,20,,,0,100,,7815,20,,,0,100,,7816,20,,,0,130,,7814,20,,,0,200,,7807,20,,,0
1800,'TM-A26-TM_GTFS-Week-end-02',652,,7820,20,,,0,100,,7821,20,,,0,100,,7822,20,,,0,400,,7823,20,,,0,200,,7817,20,,,0,100,,7818,20,,,0,100,,7819,20,,,0,300,,7824,20,,,0
